Latency,ts-basic-service_queryForStationId,ts-basic-service_queryForTravel,ts-config-service_retrieve,ts-order-service_calculateSoldTicket,ts-order-service_getTicketListByDateAndTripId,ts-price-service_query,ts-route-service_queryById,ts-seat-service_getLeftTicketOfInterval,ts-station-service_queryForStationId,ts-ticketinfo-service_queryForStationId,ts-ticketinfo-service_queryForTravel,ts-train-service_retrieve,ts-travel-service_getRouteByTripId,ts-travel-service_getTrainTypeByTripId,anomaly
191,24,60,7,5,6,4,19,55,18,39,62,13,14,16,1
118,16,24,4,38,4,3,12,42,13,26,26,8,8,9,0
98,18,19,3,2,4,2,12,29,15,27,20,7,8,7,0
104,19,19,4,38,4,3,14,32,15,27,20,7,9,8,0
108,20,20,4,2,4,3,13,33,16,30,21,8,9,8,0
107,17,20,4,38,4,3,13,36,14,26,21,9,9,9,0
155,25,58,5,3,4,41,13,36,15,35,60,9,9,9,2
98,17,23,3,37,4,3,12,27,19,24,25,7,7,7,0
129,19,21,5,38,4,3,12,42,16,30,23,9,9,16,0
115,19,18,5,3,5,3,12,43,14,29,19,6,10,13,0
107,19,19,5,38,4,3,12,33,15,29,20,8,8,9,0
107,18,19,4,2,3,3,12,31,15,28,20,7,8,8,0
118,22,19,4,38,5,3,22,41,16,31,21,7,17,8,0
120,20,22,5,2,4,3,14,39,17,31,24,10,11,11,0
112,20,17,12,2,4,3,12,40,15,29,19,7,8,8,0
111,19,19,4,38,5,3,14,37,15,28,20,8,10,9,0
124,20,21,5,3,5,4,14,40,16,34,23,9,11,9,0
108,20,18,4,2,4,2,14,33,15,30,19,8,9,8,0
147,23,29,5,7,5,6,19,45,19,36,31,11,12,11,0
156,17,59,4,38,5,41,12,44,15,28,61,10,11,13,2
152,24,27,7,4,6,5,18,52,20,37,30,14,11,15,0
102,19,18,4,38,3,3,12,32,15,28,19,8,8,8,0
107,19,18,4,38,5,2,13,34,15,30,20,8,10,8,0
143,24,50,4,38,5,3,13,35,15,33,52,7,9,8,1
144,23,29,4,3,5,7,15,44,21,34,31,10,10,10,0
98,15,17,4,37,3,2,11,33,13,26,18,7,9,8,0
152,21,33,6,38,5,4,17,51,17,33,36,13,13,14,0
145,19,57,4,37,4,41,12,34,15,29,59,7,9,9,2
145,20,52,5,38,4,3,13,35,16,31,54,8,9,8,1
135,18,50,5,2,4,2,11,32,15,29,52,7,8,8,1
104,18,19,4,2,3,2,13,32,15,28,21,8,8,8,0
109,20,20,4,3,4,3,13,34,16,30,21,8,9,8,0
141,31,26,5,38,6,3,15,42,23,44,28,10,11,10,0
105,18,20,4,38,4,3,12,30,13,28,23,7,7,8,0
126,22,21,4,3,5,3,13,38,17,40,23,8,10,9,0
109,18,20,4,2,4,3,14,35,15,27,22,8,10,9,0
110,20,18,4,2,4,2,12,40,15,28,19,8,9,14,0
114,19,16,4,3,4,2,11,35,14,33,17,7,10,8,0
156,24,27,5,3,6,5,17,58,19,37,30,22,11,22,0
117,19,20,4,38,4,4,14,34,14,34,23,7,10,8,0
98,18,18,3,3,3,2,12,29,15,28,19,7,9,7,0
147,19,56,3,37,4,2,14,33,15,28,57,7,9,8,1
107,19,18,4,2,4,2,10,34,15,28,20,8,9,8,0
136,21,23,5,38,5,4,16,49,16,33,25,9,12,10,0
103,17,18,3,2,4,2,12,28,14,31,19,7,8,7,0
131,23,24,5,3,5,4,14,41,18,35,27,10,10,11,0
125,21,21,5,3,5,3,16,41,16,33,23,10,11,10,0
152,19,62,4,37,4,41,12,37,15,29,64,6,15,7,2
109,20,19,4,2,4,3,12,34,16,30,21,8,9,8,0
113,19,20,5,3,5,3,13,38,16,28,22,8,10,8,0
109,18,19,4,2,4,3,12,32,15,33,22,8,8,8,0
103,19,18,4,37,4,3,11,31,15,29,20,7,8,8,0
100,17,16,5,37,3,3,12,35,13,26,18,7,9,9,0
111,19,19,4,37,3,3,12,38,16,28,21,8,14,8,0
102,18,22,4,2,3,2,12,27,18,27,24,7,8,7,0
103,16,23,4,37,3,4,13,32,14,24,25,8,10,8,0
113,22,19,5,38,4,3,12,34,15,32,21,9,9,8,0
111,21,24,3,2,3,3,12,30,16,31,25,7,8,8,0
106,18,18,4,3,5,3,12,35,14,28,20,8,8,9,0
111,16,20,5,3,5,3,10,41,14,26,21,9,9,11,0
107,18,19,4,2,4,2,12,34,15,32,20,7,9,8,0
121,19,25,5,3,5,3,14,38,15,29,27,9,10,9,0
142,19,57,4,37,4,41,12,32,16,28,58,7,9,8,2
144,19,56,4,38,4,41,12,34,15,29,58,8,9,8,2
106,19,19,4,38,4,3,13,32,16,29,20,8,9,8,0
107,19,19,4,38,4,3,12,34,15,28,20,7,10,8,0
124,23,20,4,38,5,3,14,44,15,33,22,9,11,10,0
156,28,53,2,2,4,3,14,34,14,38,56,8,9,10,1
114,19,19,4,3,4,2,13,35,16,28,20,7,10,9,0
94,16,18,4,2,3,3,12,28,13,25,20,7,7,7,0
115,19,19,5,38,4,3,13,35,15,29,21,8,9,8,0
93,17,15,4,2,4,2,12,30,13,25,17,6,8,7,0
110,19,19,4,3,4,3,12,36,15,28,21,8,9,9,0
152,20,60,4,3,5,42,11,35,15,30,61,9,8,9,2
155,25,28,7,39,7,4,17,52,20,39,31,12,13,12,0
131,21,22,11,39,5,4,14,46,17,33,24,10,10,10,0
156,23,24,8,3,6,4,15,53,18,37,27,12,15,13,0
107,20,19,4,37,4,3,12,33,16,30,21,7,9,8,0
107,24,17,4,37,4,2,11,32,15,33,19,7,9,8,0
114,19,24,5,38,5,3,17,35,15,29,26,8,9,8,0
116,20,20,4,38,4,3,13,35,16,35,21,8,9,8,0
111,19,19,4,38,3,3,19,31,16,28,21,7,8,8,0
115,20,20,4,37,3,3,13,33,17,31,22,13,9,8,0
112,19,19,5,38,5,3,13,37,15,28,21,9,8,10,0
153,20,52,5,38,5,3,13,38,16,33,54,9,10,10,1
104,18,19,4,3,4,3,13,33,15,27,21,7,9,8,0
122,20,21,5,39,7,4,13,44,15,30,22,10,11,10,0
119,20,20,5,38,5,3,13,38,15,33,22,9,9,9,0
136,18,54,3,37,4,40,12,30,14,27,56,6,8,7,2
172,27,34,11,3,5,8,16,52,20,40,38,9,12,10,0
132,22,24,5,3,5,4,14,43,19,34,26,9,12,10,0
183,26,60,6,4,5,6,16,47,20,39,64,11,13,11,1
99,19,19,3,3,3,3,12,27,16,27,21,7,8,6,0
101,18,19,3,38,4,3,12,33,15,27,20,7,9,8,0
101,19,18,4,2,3,2,12,30,15,29,19,7,8,8,0
88,15,17,3,3,3,2,11,25,13,22,19,6,8,6,0
137,20,51,3,37,4,2,14,31,16,30,52,6,9,7,1
106,20,18,4,3,4,2,13,33,16,29,20,8,9,8,0
111,20,19,5,3,5,3,12,37,15,30,21,8,8,9,0
142,18,51,4,38,4,3,12,38,15,28,52,8,8,9,1
106,19,19,4,2,4,3,13,34,15,28,20,8,9,8,0
145,19,56,4,38,4,41,13,34,16,29,58,7,9,8,2
143,24,26,5,39,6,4,17,47,19,37,29,12,13,12,0
112,19,24,4,38,4,3,12,31,16,31,26,7,9,7,0
115,20,20,5,3,5,3,13,36,16,31,21,8,10,8,0
131,24,24,5,3,5,3,13,42,15,36,28,9,11,11,0
100,16,18,4,3,4,3,12,33,14,25,20,7,10,8,0
143,19,56,4,37,5,3,12,33,19,29,57,8,8,8,1
154,24,32,10,5,5,4,16,48,18,37,36,11,10,12,0
132,22,25,5,38,6,3,14,45,20,34,27,11,11,12,0
105,19,18,4,3,4,2,12,32,16,29,20,7,8,8,0
117,18,19,3,2,3,3,22,40,15,28,20,7,18,7,0
144,19,52,4,38,4,3,13,36,16,29,54,8,9,9,1
108,19,20,4,3,4,3,13,34,15,29,22,8,9,8,0
110,19,18,4,37,4,2,13,33,15,33,19,7,9,8,0
136,18,50,4,37,4,2,12,33,15,28,52,8,9,8,1
102,18,18,4,3,4,3,12,33,15,27,20,7,9,8,0
152,27,57,5,3,5,41,12,32,16,37,58,7,8,7,2
149,20,56,5,3,5,2,14,35,16,30,57,8,8,8,1
106,18,20,4,2,4,3,12,33,15,28,22,8,8,8,0
152,19,56,4,3,4,41,12,35,15,35,58,8,9,9,2
144,19,56,4,38,4,41,13,33,16,29,58,8,9,8,2
199,23,66,6,38,6,43,17,65,18,35,68,12,14,20,2
114,19,18,5,38,5,3,15,39,15,29,20,8,12,9,0
137,22,26,5,3,6,4,14,43,18,34,28,10,10,9,0
171,22,63,5,38,5,42,16,41,17,35,66,10,11,10,2
100,17,19,4,3,5,3,11,33,14,26,21,7,9,8,0
111,20,19,4,3,4,3,12,36,16,30,21,8,9,9,0
147,17,57,5,38,3,41,11,27,14,38,59,7,6,6,2
91,17,18,3,3,3,2,11,24,14,25,20,7,6,6,0
107,19,20,4,3,4,3,12,33,16,29,22,7,9,8,0
145,19,57,4,2,4,41,13,33,16,29,58,7,10,8,2
107,19,19,5,3,4,3,12,34,15,28,21,8,9,8,0
107,19,19,4,3,4,3,12,34,16,29,21,8,9,8,0
92,16,15,4,38,4,2,10,33,13,24,16,7,8,8,0
135,19,48,4,2,4,3,12,34,14,29,49,8,8,9,1
111,20,18,5,38,5,4,10,39,15,30,20,8,10,9,0
104,18,19,4,38,4,3,13,33,15,28,20,8,9,8,0
121,20,20,5,3,5,3,13,43,16,30,21,11,10,12,0
146,25,50,4,3,4,2,14,35,15,34,52,7,9,10,1
112,20,19,4,37,4,3,12,38,17,30,21,8,9,10,0
102,18,21,3,2,3,3,13,29,16,27,22,8,7,9,0
108,19,19,4,38,5,3,13,35,15,29,20,8,9,8,0
109,24,18,4,2,4,3,11,32,21,33,20,7,8,8,0
131,22,22,6,38,5,4,17,44,17,33,24,10,13,11,0
111,19,18,4,2,4,3,16,36,15,28,20,7,8,8,0
106,20,18,4,3,4,3,12,33,16,29,20,8,8,9,0
104,18,19,4,2,4,3,12,32,15,28,20,8,9,8,0
111,19,19,4,38,4,2,12,37,17,28,22,8,8,8,0
112,19,19,5,38,4,3,14,33,16,28,21,7,9,7,0
141,19,51,5,3,5,3,14,35,15,29,52,8,9,8,1
108,19,18,4,38,4,2,12,34,15,30,20,8,9,8,0
96,17,15,5,2,4,2,10,36,12,24,17,8,9,9,0
103,18,19,4,38,3,3,11,32,14,26,21,7,8,8,0
106,19,19,4,2,4,3,13,33,15,28,20,7,9,8,0
119,20,20,5,38,4,3,13,42,16,31,21,10,10,13,0
103,19,19,3,2,4,3,12,31,16,29,21,8,9,7,0
135,19,50,4,3,4,3,12,33,15,28,52,8,9,8,1
154,25,27,6,3,6,4,18,50,19,39,29,12,13,12,0
121,20,21,5,3,5,4,13,39,15,33,23,9,10,9,0
143,19,57,4,2,4,40,12,31,16,28,59,7,8,8,2
127,22,21,5,3,4,4,15,40,15,34,23,10,11,10,0
163,31,30,6,3,7,5,18,48,25,47,34,10,13,11,0
134,22,23,5,4,5,4,17,43,17,35,26,10,12,11,0
106,22,18,4,38,4,2,12,32,15,31,20,8,8,9,0
142,24,25,5,38,10,5,15,51,18,37,27,11,12,11,0
185,23,64,5,3,6,42,17,45,19,44,66,11,12,11,2
123,20,21,5,38,5,3,14,41,18,31,23,10,11,11,0
106,19,19,4,38,4,3,12,33,15,29,20,8,9,8,0
136,25,29,5,3,6,5,11,43,23,38,31,11,11,10,0
131,23,25,5,38,5,4,15,41,19,35,27,10,11,9,0
107,19,20,3,2,4,2,12,32,16,30,21,8,8,9,0
121,20,22,5,38,5,3,14,38,16,30,24,10,8,10,0
171,21,59,5,3,5,42,19,40,16,36,62,10,10,10,2
144,22,26,6,3,5,5,17,49,17,35,28,12,11,14,0
105,18,18,4,3,4,3,14,33,14,26,20,7,9,8,0
114,19,20,5,38,4,2,15,36,16,30,22,8,10,9,0
129,21,23,5,39,9,4,12,47,17,33,25,10,10,11,0
116,23,19,4,38,4,3,14,39,15,33,20,8,9,14,0
106,19,18,5,3,4,3,12,34,15,29,20,7,9,8,0
110,20,21,3,3,6,3,12,32,14,33,22,7,9,7,0
142,18,57,4,38,4,41,12,33,15,27,59,9,8,8,2
105,16,21,4,3,4,3,11,34,15,25,23,8,8,8,0
107,18,19,4,3,4,3,12,34,15,28,20,8,8,9,0
139,20,51,4,3,4,3,12,32,16,29,53,7,8,8,1
109,19,17,4,37,4,2,12,31,15,35,19,8,9,8,0
179,22,70,5,38,5,52,15,44,17,34,72,11,11,11,2
142,23,34,5,3,5,3,26,42,19,36,37,10,12,11,0
115,24,19,4,38,4,3,14,35,16,33,20,8,10,8,0
166,34,58,4,38,4,43,12,34,12,47,60,7,9,9,2
113,19,19,5,38,5,3,12,39,15,28,21,9,9,10,0
154,24,57,5,38,4,40,18,33,21,33,58,8,9,8,2
108,19,19,4,2,4,2,13,32,15,30,22,9,9,8,0
117,19,20,5,2,4,3,13,37,16,31,22,8,10,9,0
110,19,19,4,38,3,3,17,33,16,29,20,7,9,8,0
140,20,51,4,3,4,3,13,34,16,30,53,8,8,8,1
116,20,21,5,3,4,4,12,37,16,32,22,9,10,9,0
104,17,19,4,3,4,3,12,33,15,27,20,8,8,8,0
161,20,57,5,2,5,3,14,43,17,32,60,10,11,11,1
114,18,16,5,38,4,2,23,36,13,27,18,8,9,9,0
119,19,20,6,38,5,4,12,43,15,29,22,8,13,10,0
118,19,22,5,3,5,4,13,40,15,29,23,10,10,11,0
110,21,19,4,38,4,3,13,35,16,30,20,8,10,9,0
110,20,21,4,3,5,3,12,35,16,30,23,7,9,8,0
117,20,20,5,38,5,3,12,39,16,30,22,8,10,10,0
110,20,18,5,38,5,3,12,36,16,30,20,9,9,10,0
108,19,26,4,2,3,2,19,30,15,27,27,7,8,7,0
131,18,52,3,37,4,2,12,27,14,27,54,6,7,7,1
155,27,29,7,38,5,5,17,51,21,40,33,12,13,12,0
105,17,25,4,38,4,11,11,31,13,26,26,7,8,8,0
102,18,19,4,3,4,3,12,32,15,27,20,7,8,8,0
157,20,59,5,3,5,42,12,39,15,31,60,10,9,10,2
200,26,66,7,39,6,42,19,57,20,42,68,13,13,18,2
107,20,22,4,38,3,2,12,31,16,30,23,7,8,7,0
172,27,28,6,4,6,4,20,60,21,42,31,12,16,13,0
105,19,18,4,2,4,3,12,33,16,29,20,8,8,8,0
141,24,26,12,38,4,4,15,49,19,36,28,11,11,12,0
105,19,18,4,37,3,3,12,32,15,29,20,7,9,8,0
97,16,15,4,38,4,2,13,33,12,25,17,6,9,8,0
128,21,22,5,3,5,4,14,44,16,32,24,10,11,11,0
112,18,19,5,3,4,3,13,39,14,27,21,10,9,11,0
97,16,18,4,2,4,3,13,30,14,25,20,7,8,7,0
123,20,21,5,3,5,4,14,40,16,33,23,10,11,10,0
110,19,17,4,3,4,3,17,40,15,29,19,7,14,9,0
142,19,50,4,38,3,2,13,37,16,31,51,7,9,13,1
140,23,26,5,39,5,5,15,43,19,36,28,11,11,11,0
132,19,23,5,3,5,3,19,45,14,32,26,11,12,12,0
142,22,23,5,3,5,3,17,44,16,36,26,13,11,11,0
111,17,17,4,2,5,3,13,37,13,27,19,8,10,9,0
113,19,18,4,37,3,3,21,33,15,28,19,7,9,9,0
111,18,25,4,38,4,3,12,34,20,28,26,8,10,8,0
141,17,63,4,39,4,41,12,29,15,25,64,7,8,7,2
172,24,59,5,38,4,42,14,40,19,47,61,10,11,11,2
113,20,19,4,38,4,3,12,33,16,31,21,8,8,8,0
104,17,26,4,2,4,9,12,30,16,26,27,7,9,7,0
106,19,18,4,3,5,3,12,35,15,28,19,7,9,8,0
107,19,19,4,37,4,3,13,33,17,29,21,8,8,8,0
156,26,27,7,3,6,4,19,53,20,39,29,13,15,13,0
205,27,74,7,3,6,5,18,53,36,42,77,12,14,13,1
149,25,26,6,38,5,4,17,49,20,39,28,12,13,12,0
139,27,25,5,39,6,4,14,45,23,41,27,10,10,11,0
104,17,12,4,2,3,2,20,36,12,26,13,6,8,8,0
131,23,23,5,3,5,4,15,44,20,34,26,11,11,12,0
139,19,51,4,2,4,3,12,37,16,27,52,13,8,13,1
121,27,20,4,38,4,3,13,35,16,38,21,9,9,10,0
214,30,68,8,4,6,43,17,53,24,45,70,13,13,13,2
106,19,19,4,38,4,3,12,33,15,28,21,8,8,8,0
112,20,19,4,38,4,3,12,39,17,29,21,7,15,8,0
124,24,20,5,38,4,3,13,45,20,34,21,9,16,10,0
93,17,15,4,38,4,2,10,33,12,25,16,7,9,8,0
112,20,20,5,38,5,2,12,38,16,29,22,9,10,9,0
146,18,51,5,38,5,3,12,38,14,32,53,8,10,9,1
106,18,20,4,3,5,3,12,34,14,27,21,9,9,9,0
140,17,51,4,38,4,2,13,36,13,28,53,8,10,9,1
113,20,19,4,3,5,3,11,39,16,30,21,8,9,12,0
150,20,52,4,38,5,3,14,38,16,33,54,9,11,9,1
101,17,18,3,38,4,2,11,30,14,29,19,7,8,8,0
104,20,18,4,3,4,3,12,32,16,29,20,7,8,8,0
131,16,50,4,3,5,3,10,34,14,25,52,8,8,8,1
146,19,52,4,38,5,3,11,39,16,30,54,9,9,10,1
109,24,18,4,2,4,3,12,32,21,34,20,8,8,8,0
117,19,18,5,3,5,3,13,39,14,29,19,9,10,10,0
105,19,18,4,37,4,3,13,32,16,29,20,7,9,8,0
134,20,51,3,38,3,3,12,29,14,29,52,7,8,8,1
98,17,14,5,37,4,2,12,32,13,27,15,6,8,7,0
139,20,27,6,3,10,4,16,48,21,32,29,11,11,11,0
112,21,19,5,38,5,2,12,36,17,31,21,9,9,9,0
115,16,20,3,3,4,3,13,43,14,26,22,13,10,14,0
114,20,24,4,38,4,6,12,34,17,29,26,9,9,10,0
103,19,19,4,3,4,2,13,31,15,28,20,8,9,8,0
138,24,26,5,3,5,4,13,46,18,38,28,9,11,8,0
112,20,20,4,2,4,3,13,35,16,30,22,9,8,10,0
117,20,19,5,3,5,3,14,39,16,32,21,9,10,10,0
102,19,18,3,2,4,2,12,31,16,29,20,7,9,8,0
104,19,19,4,2,4,3,12,33,15,28,20,8,9,8,0
101,18,18,4,38,4,3,12,31,15,27,20,7,8,8,0
109,17,17,5,3,6,2,10,44,13,25,18,14,9,15,0
113,19,18,4,37,4,3,13,41,15,29,19,7,12,9,0
142,19,51,5,3,5,3,13,36,15,29,53,7,9,8,1
114,19,18,4,2,4,2,13,34,15,30,20,7,9,9,0
125,22,21,5,3,4,4,15,42,17,35,23,9,13,10,0
106,15,21,4,3,5,4,13,35,13,24,23,9,8,9,0
113,19,19,5,38,5,3,13,39,15,29,21,9,10,10,0
143,19,49,4,37,8,2,12,36,15,30,51,7,8,8,1
119,20,20,5,3,5,4,13,39,15,32,23,9,10,9,0
110,21,20,4,2,5,3,13,36,16,31,21,9,9,9,0
146,21,58,4,37,4,41,12,33,16,30,60,7,9,8,2
137,20,52,4,37,4,3,11,31,17,29,53,7,8,7,1
110,19,19,4,3,4,3,14,35,16,29,21,8,10,9,0
103,19,18,3,2,4,3,12,31,15,29,20,8,8,8,0
106,19,19,4,2,4,3,12,33,15,29,20,8,8,9,0
104,21,17,4,38,3,2,12,30,15,31,18,7,8,8,0
142,25,26,5,3,5,4,15,44,22,40,28,10,12,11,0
148,21,51,5,2,4,3,12,35,17,32,53,9,9,9,1
152,26,52,5,38,5,3,13,39,16,35,53,8,10,10,1
139,17,57,4,37,4,41,12,31,15,26,59,7,8,8,2
110,18,19,5,38,5,3,12,37,15,27,21,9,9,9,0
111,18,19,5,2,5,3,13,37,14,26,21,8,9,9,0
107,20,20,4,2,3,3,12,32,15,29,21,8,9,8,0
113,20,20,5,3,5,3,12,38,16,30,21,9,9,10,0
140,23,25,6,4,5,4,16,47,19,36,28,11,13,13,0
143,19,52,4,2,4,3,12,38,16,27,53,13,9,13,1
108,18,19,5,3,5,3,13,37,15,28,20,9,9,9,0
101,20,17,4,2,3,3,11,31,15,29,19,7,8,7,0
121,18,25,5,3,5,3,18,39,15,27,28,8,11,9,0
121,19,20,5,38,6,3,12,43,15,30,22,9,11,11,0
104,23,18,4,37,4,2,12,31,15,32,19,7,8,8,0
106,17,21,4,3,4,3,12,34,15,26,23,8,9,10,0
149,20,58,5,3,5,41,13,34,16,30,60,8,8,8,2
140,18,50,4,38,4,2,12,36,15,28,52,8,9,9,1
132,21,21,6,3,5,4,14,48,16,33,23,9,15,11,0
130,21,21,5,3,5,3,19,40,17,34,23,8,10,9,0
184,25,63,7,38,5,43,17,49,19,38,65,11,12,12,2
112,18,18,4,2,4,2,17,35,15,28,19,8,9,8,0
114,20,18,5,38,5,2,12,38,15,31,20,8,11,10,0
106,18,16,4,2,4,2,12,39,15,27,18,7,9,14,0
109,21,19,4,37,4,3,13,33,16,31,21,8,9,8,0
130,20,23,5,38,5,4,16,42,15,33,26,11,11,10,0
170,28,29,7,39,7,6,18,56,22,43,32,13,15,13,0
135,17,51,4,3,4,3,13,31,14,27,52,7,8,8,1
103,19,18,4,2,3,2,12,31,16,29,19,7,9,8,0
100,18,16,5,2,4,3,11,36,13,26,17,8,10,9,0
145,18,58,4,2,4,41,13,33,15,28,59,8,9,8,2
169,24,56,6,3,6,3,11,43,20,38,63,10,12,9,1
137,18,57,4,2,4,41,11,32,15,25,59,7,8,8,2
103,19,19,4,3,4,3,11,32,15,29,20,8,8,8,0
161,19,55,5,2,4,4,14,41,15,30,57,11,11,11,1
141,18,55,5,38,4,4,12,34,15,28,57,9,9,8,1
124,20,21,6,38,6,3,14,43,16,31,23,9,11,9,0
107,23,18,5,37,4,3,12,33,15,32,19,7,9,8,0
109,21,19,4,37,4,3,13,34,18,30,21,8,9,8,0
127,21,21,5,3,5,3,15,43,16,33,23,11,12,11,0
158,25,27,5,2,6,5,20,50,20,39,30,13,13,13,0
108,16,17,5,38,5,3,11,40,12,25,18,8,9,10,0
110,18,19,4,2,4,3,12,38,15,28,20,8,8,9,0
143,18,57,5,3,4,41,10,33,15,28,59,6,9,8,2
120,21,21,4,38,4,3,11,40,18,33,24,10,11,11,0
140,24,25,6,38,6,4,16,47,18,37,27,11,13,12,0
143,25,27,4,2,5,3,13,46,18,39,29,9,11,9,0
109,19,19,5,3,4,3,13,35,16,29,20,8,9,8,0
111,19,19,5,38,4,3,12,39,15,28,21,7,13,8,0
111,17,19,5,3,5,3,11,38,15,27,21,9,7,10,0
103,17,20,3,38,5,3,12,34,14,25,21,8,8,8,0
105,19,19,4,37,4,2,12,33,16,29,21,7,9,8,0
113,19,26,3,2,3,3,12,33,22,29,28,6,7,7,0
110,20,19,5,2,4,3,13,36,16,30,21,7,10,8,0
114,23,20,5,38,4,3,13,36,19,33,21,9,10,9,0
128,20,22,5,38,5,3,20,47,16,31,24,10,17,10,0
118,22,19,4,38,5,2,12,40,18,32,21,9,11,11,0
119,21,22,5,4,4,4,13,36,16,32,24,8,10,9,0
136,18,50,4,3,4,3,13,32,15,28,52,7,9,8,1
109,19,19,4,8,4,3,12,35,16,29,20,8,9,9,0
122,16,19,4,38,3,3,15,31,14,24,21,7,10,7,0
140,18,49,4,37,4,2,17,32,15,28,51,7,9,8,1
136,17,52,4,2,4,3,12,33,15,27,54,8,9,8,1
165,23,55,5,3,5,4,14,44,17,35,57,11,11,12,1
130,24,24,5,3,6,4,12,43,20,35,26,11,9,12,0
106,19,18,5,3,4,2,11,34,16,29,20,8,9,8,0
153,23,26,4,39,4,4,16,55,18,37,29,9,29,9,0
156,26,58,4,38,5,41,12,39,23,35,59,8,9,9,2
101,16,18,4,37,3,3,14,30,14,25,20,7,8,7,0
116,18,20,10,2,4,3,13,38,15,32,21,8,8,8,0
112,19,19,5,38,4,3,13,37,15,29,20,9,9,10,0
160,19,58,4,2,5,42,14,37,14,34,61,8,10,9,2
111,19,19,5,3,5,3,13,37,15,29,21,8,10,9,0
119,19,21,5,2,4,3,13,39,15,30,22,10,10,11,0
115,20,20,5,38,5,4,12,38,16,31,22,8,10,9,0
168,22,61,5,3,5,43,13,46,17,34,63,12,13,12,2
136,23,24,6,3,6,4,15,45,19,35,26,11,11,11,0
111,19,20,4,38,4,3,13,37,15,28,22,9,11,9,0
113,19,19,4,3,4,3,13,33,15,35,21,8,9,8,0
100,19,18,3,38,4,2,12,30,15,28,19,7,8,8,0
162,18,54,4,3,15,4,18,48,16,28,56,8,10,10,1
105,19,18,4,2,4,2,13,33,15,29,20,8,9,8,0
149,22,56,4,38,4,41,13,35,16,32,58,8,9,9,2
102,19,19,3,37,4,3,12,30,15,29,20,8,8,8,0
113,20,21,5,38,5,3,12,37,17,29,22,9,9,9,0
131,19,19,5,2,4,4,13,40,14,43,22,9,9,10,0
128,17,50,5,2,4,3,8,33,13,25,51,8,8,9,1
141,16,53,4,37,4,3,15,34,14,25,55,9,8,9,1
107,17,20,5,38,4,2,13,34,15,26,22,8,8,10,0
111,19,19,4,2,4,3,13,34,15,33,20,8,10,8,0
105,19,18,4,37,3,3,12,32,15,29,20,8,9,8,0
143,34,23,5,4,5,4,15,42,29,48,25,10,11,10,0
155,20,58,5,38,5,41,12,41,16,31,59,8,9,9,2
143,23,27,6,3,4,4,17,47,20,36,29,11,14,12,0
106,18,19,5,38,5,3,13,34,15,28,20,7,8,8,0
104,19,19,3,2,3,3,12,31,15,29,21,8,8,8,0
108,17,18,4,37,4,2,16,32,14,27,19,7,8,9,0
111,18,20,4,3,5,3,11,38,15,27,21,9,10,10,0
155,18,59,4,37,4,4,15,39,19,28,61,8,11,9,1
104,19,19,4,37,4,3,12,32,15,28,21,8,8,8,0
153,18,53,4,3,4,3,12,47,13,28,54,13,11,15,1
124,20,21,5,4,5,3,15,39,15,32,24,10,10,10,0
102,18,15,4,38,4,2,13,33,14,27,16,7,8,8,0
175,23,60,5,4,5,41,20,49,18,36,62,11,16,12,2
104,18,22,4,37,3,3,13,30,16,28,24,7,8,7,0
111,23,20,4,2,4,3,14,33,15,33,22,7,8,8,0
107,18,19,3,2,3,3,15,34,14,28,20,8,12,9,0
107,19,19,4,3,4,2,13,33,16,29,20,7,9,7,0
162,19,58,5,3,5,41,14,46,16,30,60,10,17,11,2
141,19,25,6,38,4,3,19,49,16,32,27,13,13,14,0
108,19,18,4,38,4,3,13,35,15,29,20,8,10,9,0
115,25,20,5,38,5,3,13,34,17,35,21,7,9,8,0
104,16,19,5,3,5,4,11,36,12,25,20,9,9,9,0
139,27,24,5,5,5,4,15,43,22,40,27,10,10,12,0
109,19,24,3,37,3,2,13,29,15,28,25,7,8,7,0
102,17,17,4,3,4,3,12,32,13,27,19,7,8,7,0
109,19,17,7,38,3,3,12,36,13,29,19,7,8,8,0
110,24,17,4,2,4,2,12,33,15,33,19,7,10,8,0
124,19,20,6,38,5,3,13,43,15,31,22,9,11,10,0
108,19,19,4,38,5,3,13,35,15,29,21,8,10,8,0
140,23,26,4,3,5,3,17,44,18,36,28,11,12,11,0
115,19,19,4,2,4,3,12,42,15,28,22,17,9,17,0
105,18,18,5,37,4,3,11,33,15,29,20,7,9,8,0
107,19,19,4,3,5,3,12,35,15,28,21,8,9,8,0
113,20,19,9,2,4,3,13,37,16,30,21,8,8,8,0
106,19,18,4,37,4,2,12,35,16,29,19,8,9,9,0
97,16,19,3,37,3,3,13,29,14,24,20,8,8,7,0
119,19,24,4,38,4,3,12,33,15,34,25,8,9,8,0
133,18,50,4,2,4,3,12,32,15,27,52,7,9,8,1
117,18,23,13,3,5,3,12,41,20,28,24,7,8,8,0
93,16,16,4,38,3,2,13,28,12,25,17,6,7,7,0
150,30,25,5,38,6,4,17,49,25,42,28,12,13,12,0
98,18,19,3,37,3,3,12,29,14,27,20,7,9,7,0
103,19,14,4,38,4,2,17,34,14,29,16,7,9,9,0
146,23,24,6,38,5,4,17,47,18,36,26,11,13,11,0
141,25,25,5,4,6,4,17,46,19,37,27,11,12,12,0
161,18,58,4,38,5,41,19,44,15,29,60,9,18,9,2
96,17,17,3,2,3,2,10,30,14,26,19,7,8,8,0
109,23,19,4,38,4,3,12,33,16,33,21,7,8,8,0
105,19,19,4,38,3,3,13,31,16,28,20,7,8,8,0
108,20,19,5,3,4,3,12,34,17,30,21,7,8,8,0
112,18,24,4,38,4,3,13,34,21,27,25,7,9,9,0
102,17,18,5,3,5,3,11,37,13,26,19,8,10,9,0
112,20,19,4,38,4,3,13,35,16,30,21,7,10,8,0
102,18,19,4,2,3,3,12,30,15,28,20,7,8,8,0
118,20,20,5,3,4,2,13,39,17,31,22,10,10,11,0
105,18,19,4,3,4,3,12,35,15,27,21,8,8,9,0
109,19,19,5,2,4,3,14,34,15,29,21,8,10,8,0
103,19,18,4,38,4,3,12,31,15,28,20,8,8,8,0
157,23,31,6,39,6,5,23,49,19,36,34,12,13,11,0
109,19,19,5,3,5,3,13,36,15,28,21,9,9,9,0
106,19,19,4,2,4,2,13,34,15,28,21,8,9,8,0
113,23,18,4,3,4,3,12,35,16,34,20,10,10,10,0
121,20,21,5,38,5,3,14,40,15,31,23,9,11,10,0
115,21,18,4,3,5,2,17,35,17,31,20,7,9,8,0
156,19,66,5,3,4,41,12,35,16,29,68,8,10,8,2
150,19,58,4,38,4,41,13,35,16,29,60,8,9,9,2
117,18,19,5,38,6,3,14,40,14,28,21,7,10,10,0
107,20,19,4,38,4,3,13,33,16,30,21,8,9,9,0
189,23,64,5,3,5,4,17,50,19,36,67,10,13,13,1
111,21,18,5,2,4,2,14,35,16,31,20,7,9,8,0
107,18,16,3,38,4,2,12,31,14,27,17,6,9,8,0
178,25,64,4,38,4,42,15,40,22,37,66,9,10,11,2
129,21,22,6,3,5,4,15,44,16,34,24,10,11,11,0
137,19,51,4,37,3,3,12,33,15,29,52,8,9,8,1
106,19,19,3,2,4,2,13,32,16,30,21,8,9,8,0
149,19,58,4,37,3,41,12,38,16,28,60,8,14,9,2
97,18,15,4,2,3,3,11,31,14,27,17,6,8,8,0
107,20,18,4,3,4,3,12,34,15,30,20,7,9,8,0
107,19,19,4,2,4,3,12,33,15,29,21,8,9,8,0
104,19,17,4,37,4,2,12,32,15,29,19,7,9,8,0
125,23,24,4,38,5,3,14,39,18,35,26,9,10,11,0
108,20,18,4,3,4,3,12,35,16,29,20,8,9,9,0
106,19,19,4,38,4,3,12,33,15,28,21,8,9,8,0
130,21,22,5,3,5,4,12,40,16,36,24,9,10,9,0
108,20,18,4,38,4,3,12,35,15,29,20,8,9,8,0
112,19,18,4,2,4,2,13,37,15,31,19,8,9,8,0
126,21,24,4,38,5,4,15,41,19,32,26,10,11,10,0
108,19,19,4,38,4,3,12,34,16,29,20,8,8,9,0
166,27,30,7,39,7,4,19,56,20,41,33,13,14,14,0
130,22,23,5,38,5,4,15,43,18,34,26,10,11,11,0
106,18,19,5,38,4,3,14,34,15,27,20,7,9,8,0
124,21,21,5,38,5,3,14,40,16,34,23,9,9,10,0
106,18,18,4,3,4,2,17,32,14,27,20,8,8,8,0
111,20,23,4,3,4,3,13,33,15,29,25,12,9,8,0
105,15,20,5,4,4,3,12,33,13,24,22,7,8,8,0
103,21,19,3,2,3,3,12,29,16,31,21,8,8,7,0
146,20,57,4,2,4,41,13,35,16,30,58,7,11,8,2
176,25,32,6,39,6,12,17,50,20,39,35,11,13,13,0
110,19,24,4,38,4,3,13,32,19,28,25,9,8,8,0
107,20,19,4,2,4,3,13,34,16,30,20,7,10,8,0
111,20,23,4,37,4,3,12,33,16,30,25,7,9,8,0
134,24,27,4,38,4,4,14,34,20,41,31,10,10,8,0
113,18,21,4,37,4,3,12,34,15,32,22,8,9,8,0
110,19,19,4,37,4,3,14,35,15,29,21,8,9,8,0
114,17,20,4,38,4,3,14,36,15,26,22,9,10,9,0
98,19,16,4,2,4,2,11,32,14,29,17,7,8,7,0
117,19,24,4,38,5,4,14,35,16,30,25,9,9,9,0
107,20,20,4,38,4,3,13,33,17,29,21,8,9,8,0
136,18,52,6,2,5,3,11,37,15,26,53,8,8,9,1
194,25,65,6,38,7,43,16,53,20,39,68,13,14,14,2
138,22,24,4,3,5,3,15,44,18,34,25,11,11,12,0
147,18,58,4,38,5,41,13,37,15,27,59,9,10,9,2
111,18,17,5,38,4,2,11,34,14,27,18,9,8,10,0
104,18,18,4,38,4,3,12,33,15,27,20,7,9,8,0
183,34,57,5,38,6,4,15,48,29,46,59,12,10,17,1
153,20,58,4,38,5,41,13,38,16,30,60,10,10,10,2
110,18,13,4,2,3,2,22,32,14,27,15,6,7,8,0
145,23,35,5,39,5,15,19,40,18,36,37,9,11,10,0
125,22,19,5,3,4,4,15,41,17,34,21,9,11,11,0
113,18,19,4,2,4,3,13,38,14,28,20,8,12,9,0
103,19,18,4,3,4,2,11,31,16,29,20,7,8,7,0
129,21,22,5,3,5,4,16,42,16,33,24,10,12,10,0
168,22,59,5,2,6,42,16,43,16,35,62,9,12,10,2
116,20,24,4,3,4,3,12,35,16,31,26,8,10,8,0
153,27,25,7,3,6,4,15,51,21,43,27,13,12,15,0
104,19,19,4,37,4,3,12,32,16,28,21,7,9,8,0
109,21,20,4,3,4,3,13,32,17,30,21,8,9,8,0
120,19,23,5,2,3,6,12,34,14,34,26,7,9,8,0
108,19,19,4,2,4,3,13,35,15,29,20,8,10,9,0
140,27,27,6,38,5,4,13,43,23,41,29,10,10,11,0
116,20,18,4,37,4,3,19,38,16,30,20,7,13,8,0
142,18,57,4,2,4,41,12,33,15,28,59,8,9,8,2
129,23,22,5,38,5,4,14,41,17,35,24,10,10,10,0
106,20,19,5,2,4,2,12,33,16,30,20,8,8,8,0
143,20,52,5,38,5,3,13,35,16,30,54,8,9,8,1
115,18,20,5,39,4,3,13,37,14,30,22,9,9,10,0
116,19,23,4,2,4,3,19,34,20,28,25,8,9,9,0
108,19,19,4,38,4,3,12,34,15,29,20,8,9,8,0
135,22,22,5,38,4,4,15,42,16,35,25,10,9,13,0
104,19,19,5,37,3,3,12,32,15,28,21,7,9,7,0
111,19,20,4,2,5,3,12,34,16,30,21,8,9,8,0
120,20,28,4,37,4,12,13,34,16,31,30,7,9,8,0
107,19,17,4,37,4,2,12,37,16,29,19,7,14,7,0
116,19,21,5,38,5,4,12,38,16,29,23,8,9,10,0
109,20,20,4,2,4,4,13,34,16,30,21,8,9,9,0
116,19,20,4,38,5,3,13,36,15,29,22,9,9,9,0
118,21,19,5,3,4,3,19,37,16,31,20,11,9,11,0
102,19,17,4,38,4,2,11,34,15,28,18,8,9,9,0
112,18,20,4,38,5,3,13,38,15,28,22,10,10,10,0
112,20,20,5,3,4,3,12,35,17,30,22,9,9,9,0
111,19,19,4,42,4,3,12,32,15,34,21,8,8,8,0
145,23,26,6,38,6,4,18,48,19,36,28,12,13,11,0
110,19,20,4,38,4,3,12,35,16,29,21,8,9,9,0
106,19,19,4,38,4,3,12,34,15,28,20,7,9,9,0
118,19,20,4,3,4,3,13,34,16,33,21,7,9,8,0
108,18,21,5,3,4,2,12,35,15,28,22,8,9,9,0
171,24,27,5,38,6,4,17,63,20,38,29,24,14,23,0
101,18,18,4,3,3,3,11,30,15,29,20,7,8,8,0
123,17,25,6,4,5,3,12,38,14,26,27,9,10,9,0
106,19,19,4,2,4,3,12,33,15,28,21,7,8,8,0
105,19,18,5,37,4,3,13,34,15,29,20,8,9,8,0
118,20,21,5,38,5,4,13,39,16,31,23,8,10,10,0
93,15,21,3,37,3,3,12,26,13,22,22,7,7,7,0
142,27,52,3,2,3,3,12,28,17,36,54,8,8,7,1
108,19,16,4,2,4,2,18,38,14,29,18,7,14,7,0
112,21,18,4,37,4,2,11,33,16,32,19,8,9,9,0
108,19,19,3,2,4,3,13,34,15,29,21,8,10,9,0
107,20,19,4,1,3,3,13,33,16,30,21,8,9,8,0
123,20,20,5,38,5,3,14,41,16,32,22,9,10,11,0
187,21,61,5,3,5,42,16,55,18,35,63,10,12,16,2
113,20,20,5,38,4,3,12,36,17,30,22,9,9,9,0
108,20,19,4,38,3,3,13,32,15,30,21,8,9,8,0
147,20,59,4,3,4,41,13,33,17,29,61,7,9,7,2
130,21,24,5,3,4,4,14,41,20,33,27,11,10,10,0
103,19,19,4,38,4,3,11,32,16,28,21,7,8,8,0
103,18,17,4,37,3,2,11,32,15,29,19,7,8,8,0
130,20,22,5,38,5,4,14,47,16,31,24,10,12,10,0
185,25,60,5,3,7,4,18,49,20,38,62,13,12,14,1
110,19,18,4,37,4,3,13,36,15,29,20,7,8,8,0
203,30,69,7,3,6,42,17,51,25,45,72,13,13,12,2
111,20,24,4,38,4,8,13,33,16,29,25,7,9,8,0
131,20,22,6,4,6,4,13,45,16,35,23,9,10,11,0
104,18,18,4,37,4,2,12,33,15,28,20,7,9,8,0
114,18,19,4,3,4,2,12,33,15,33,20,8,9,8,0
102,19,16,4,3,4,3,12,32,14,29,17,7,8,7,0
132,21,24,4,3,5,4,16,42,16,35,26,10,11,10,0
118,18,20,4,2,4,3,14,44,15,27,21,8,9,8,0
144,19,56,5,2,3,40,13,34,16,28,58,7,9,8,2
104,18,17,3,2,4,2,13,33,13,27,19,7,10,7,0
142,19,52,5,3,5,3,13,36,15,29,54,8,9,9,1
134,17,50,4,2,4,2,13,32,15,27,51,8,9,8,1
107,18,18,4,39,4,3,12,35,14,29,19,8,9,9,0
106,18,18,5,38,4,2,12,35,15,28,19,7,9,8,0
104,22,18,4,38,5,2,13,32,19,30,20,8,8,8,0
118,20,20,5,38,5,3,12,39,16,32,22,9,9,11,0
105,19,18,4,2,4,2,13,33,15,28,20,8,9,8,0
103,18,20,3,2,3,3,13,31,15,28,21,7,9,8,0
133,20,21,5,3,4,3,17,56,15,30,23,10,16,11,0
125,20,27,4,38,5,4,14,36,16,30,29,8,9,8,0
112,18,22,4,38,5,4,13,36,15,28,24,8,10,9,0
106,19,18,4,2,4,2,13,33,15,28,20,7,9,8,0
108,19,18,4,38,3,3,12,32,15,29,24,8,9,8,0
118,25,20,5,3,5,4,12,38,20,35,22,8,9,10,0
103,17,15,4,2,4,2,11,37,13,27,17,12,8,13,0
110,19,19,4,38,4,3,12,36,16,29,20,7,9,8,0
120,19,20,5,3,4,3,14,40,14,31,22,8,12,9,0
105,19,19,4,38,4,3,13,32,16,29,21,7,8,7,0
108,19,19,3,3,5,3,13,35,15,28,21,8,10,9,0
104,19,18,5,38,4,3,11,33,15,29,20,7,8,7,0
154,27,29,5,38,6,6,15,46,23,41,36,11,12,11,0
150,20,51,5,3,5,4,12,39,15,34,54,8,9,9,1
107,18,20,4,2,5,2,12,35,14,27,22,8,8,9,0
150,18,58,4,2,5,41,13,35,15,29,60,7,9,9,2
120,21,21,4,38,5,3,13,37,16,35,23,8,11,9,0
146,21,53,5,3,4,3,12,36,17,31,54,8,9,8,1
108,20,19,4,2,4,3,12,33,16,30,21,8,9,8,0
160,19,57,5,38,5,4,13,44,16,32,58,10,13,10,1
110,18,18,4,38,4,3,17,33,15,28,20,8,8,8,0
135,18,50,3,2,3,2,12,31,15,28,52,8,8,8,1
105,19,18,4,2,4,2,12,32,15,29,20,7,8,8,0
123,20,26,5,38,5,4,14,36,17,32,27,11,9,9,0
135,20,22,6,38,5,3,18,47,16,33,25,12,13,12,0
111,19,19,5,38,5,3,13,38,15,28,20,9,10,10,0
106,19,19,4,2,4,3,13,33,15,28,20,8,9,8,0
108,20,19,4,3,4,3,14,34,16,29,21,8,9,7,0
134,24,26,5,38,5,3,14,42,21,36,28,10,11,10,0
119,19,19,5,3,5,3,13,42,15,29,21,11,12,11,0
110,18,19,5,37,4,3,13,37,15,27,21,8,10,9,0
156,25,26,5,3,13,4,21,60,20,38,28,12,17,12,0
104,17,19,5,3,4,3,11,35,15,27,20,7,9,8,0
166,26,31,7,38,5,4,20,53,21,40,34,12,12,13,0
136,23,21,5,39,6,3,14,47,19,36,24,10,12,13,0
151,18,50,4,37,5,2,16,42,15,27,57,8,13,9,1
124,21,21,5,38,5,3,13,41,16,34,23,10,11,11,0
145,19,56,4,3,4,41,13,33,15,28,58,8,9,8,2
105,19,19,4,38,4,3,13,32,16,28,21,6,9,8,0
113,18,20,5,3,4,3,13,39,15,27,21,8,8,9,0
98,18,19,4,38,3,1,11,30,16,28,20,6,7,7,0
145,25,25,5,4,6,4,16,46,19,41,28,11,12,12,0
105,19,19,4,2,3,3,12,31,16,30,20,7,8,8,0
91,15,19,3,2,3,2,12,25,14,23,21,7,6,7,0
110,19,21,5,2,5,3,12,36,16,29,22,9,9,9,0
108,19,19,4,3,4,3,12,35,16,29,20,9,8,9,0
140,19,51,4,3,4,3,14,34,15,29,52,8,10,8,1
112,23,21,4,38,4,3,11,34,16,32,23,9,8,8,0
151,23,58,4,3,4,41,13,36,15,32,59,8,10,9,2
175,22,64,6,38,6,43,16,45,18,34,67,10,12,11,2
106,19,18,4,38,4,3,12,34,15,29,20,7,9,7,0
100,19,16,4,37,5,3,10,36,14,28,18,7,10,9,0
98,21,14,4,2,4,2,9,33,16,31,15,6,9,7,0
140,19,56,4,2,3,40,11,31,16,28,58,7,8,7,2
149,19,57,5,38,4,41,13,38,16,30,58,8,9,9,2
158,18,60,5,38,4,43,15,37,15,28,62,9,11,8,2
103,19,17,4,37,3,2,12,32,15,29,19,7,9,8,0
178,24,60,5,39,5,5,14,49,19,37,62,17,10,18,1
149,19,57,4,38,4,41,13,38,15,29,58,9,10,10,2
122,19,19,5,38,4,3,19,41,15,29,22,8,11,9,0
110,19,19,4,39,4,3,13,35,15,29,21,8,9,8,0
121,19,25,5,38,5,4,12,40,15,29,27,9,10,10,0
152,20,59,4,3,4,41,13,36,16,30,61,9,10,9,2
121,23,24,4,38,4,3,18,33,19,33,25,7,9,8,0
181,24,65,6,39,6,43,16,47,20,38,68,10,12,12,2
125,20,22,6,3,4,3,15,39,16,32,24,10,10,10,0
105,18,20,4,38,5,3,12,33,15,28,21,8,8,8,0
149,23,26,8,3,7,5,16,52,18,36,29,10,12,12,0
111,20,18,4,2,4,3,13,35,13,31,20,8,10,8,0
143,32,24,5,39,6,4,15,43,28,45,26,11,10,11,0
155,20,57,4,38,5,41,12,41,16,29,59,8,15,8,2
158,27,51,4,37,4,3,12,35,12,38,62,8,9,9,1
123,21,23,4,4,4,4,13,35,17,32,30,9,9,9,0
147,24,28,6,3,4,5,18,50,19,37,30,11,12,14,0
115,19,19,4,3,4,3,17,33,15,28,21,8,8,8,0
106,19,18,4,2,4,3,12,33,15,29,20,8,9,8,0
152,19,58,4,3,4,41,13,37,15,29,60,8,11,9,2
105,17,17,4,38,5,3,12,35,14,32,18,7,9,8,0
126,21,22,5,38,5,4,15,41,16,33,24,9,11,9,0
110,18,24,4,38,4,3,13,34,15,27,26,8,9,8,0
138,16,53,4,2,3,2,16,28,15,27,54,7,7,7,1
109,19,20,4,3,4,3,13,34,15,28,22,8,9,8,0
124,25,19,4,38,4,2,18,33,21,35,20,8,9,8,0
105,19,18,4,37,4,3,13,32,15,29,20,8,9,8,0
107,18,20,2,2,4,3,14,31,14,27,22,8,9,9,0
108,23,18,4,3,4,2,12,32,15,32,20,7,9,8,0
103,19,18,3,2,4,2,13,30,15,29,19,7,8,8,0
105,19,19,4,37,4,3,12,32,15,28,21,8,9,8,0
112,17,21,4,38,5,3,12,40,15,26,23,10,11,11,0
114,20,19,4,38,3,2,13,33,16,30,21,7,9,8,0
124,21,25,4,39,4,4,14,36,18,33,28,10,10,9,0
123,20,22,5,38,5,3,11,42,16,31,24,11,8,10,0
111,24,18,4,2,4,3,13,32,15,35,20,8,8,8,0
164,29,30,7,4,7,6,18,52,23,44,33,11,13,12,0
144,21,53,4,38,4,3,12,34,18,30,55,9,8,8,1
155,24,30,6,42,6,5,17,53,20,38,33,11,11,17,0
103,18,18,5,3,4,3,11,32,15,28,19,7,8,8,0
143,25,26,5,40,6,4,17,47,20,37,29,12,13,12,0
141,22,26,5,3,6,4,14,50,17,35,28,11,12,15,0
95,17,17,4,2,4,3,12,29,14,27,18,6,8,7,0
111,19,19,4,2,4,3,13,33,15,29,21,8,10,8,0
141,17,60,4,3,5,41,12,33,14,26,62,8,8,8,2
102,18,20,4,2,4,2,12,32,16,28,21,7,8,8,0
167,21,55,5,3,5,4,18,45,16,33,57,11,12,12,1
149,24,29,6,2,5,4,16,52,17,36,31,12,11,12,0
117,21,21,5,38,5,4,12,37,18,33,23,8,9,9,0
132,22,23,6,38,6,4,14,47,17,34,26,12,12,13,0
112,19,20,4,38,5,3,12,36,15,28,21,9,10,8,0
108,18,21,4,2,4,5,12,33,15,28,22,7,9,8,0
110,20,19,4,38,4,3,13,35,16,29,22,8,9,9,0
141,22,57,4,2,4,41,9,32,14,32,58,8,8,8,2
108,19,17,4,37,4,2,12,33,15,28,19,7,9,8,0
114,17,24,5,38,5,3,12,36,15,27,25,8,8,9,0
121,20,22,5,3,5,4,15,38,16,31,24,8,9,9,0
142,20,51,4,2,4,3,14,36,15,30,53,8,11,9,1
127,21,24,5,2,5,3,12,43,15,34,25,10,11,11,0
104,20,19,3,3,4,3,12,30,16,30,20,7,8,7,0
109,19,19,4,38,5,2,13,35,16,29,21,7,9,8,0
112,20,20,5,38,5,3,11,36,17,30,22,9,9,9,0
116,19,19,3,3,4,3,14,42,15,29,21,17,10,17,0
147,23,26,6,39,6,4,18,49,19,36,29,12,13,13,0
98,15,14,5,38,4,2,9,35,11,28,15,7,9,8,0
148,23,57,4,2,4,41,12,33,15,32,58,7,9,8,2
141,24,25,5,38,5,4,14,51,21,36,27,11,12,17,0
104,17,18,4,2,4,3,12,33,15,27,20,7,9,8,0
107,18,19,4,38,5,3,12,34,15,28,21,7,9,8,0
109,18,21,5,3,5,3,12,35,15,28,22,8,9,8,0
109,24,19,5,37,4,3,12,33,15,34,20,7,9,8,0
106,19,20,4,38,4,3,12,32,16,29,21,7,8,8,0
108,20,20,4,38,5,3,12,34,17,30,21,8,8,9,0
138,22,26,14,3,5,3,16,49,17,33,28,8,10,10,0
106,19,19,4,3,4,3,13,33,15,28,21,8,8,8,0
103,19,18,4,38,5,2,12,32,15,28,19,7,8,7,0
120,20,20,5,38,5,4,12,37,15,34,22,8,9,9,0
110,20,19,5,37,4,4,13,36,16,29,21,8,10,9,0
118,20,22,4,39,4,3,13,40,16,30,24,10,10,10,0
136,23,23,5,38,6,4,15,46,18,36,25,10,14,10,0
107,19,19,4,38,4,3,12,34,16,28,21,7,9,9,0
136,17,52,4,38,5,3,13,34,14,26,54,8,9,8,1
112,20,22,4,2,4,3,13,32,20,29,24,7,8,8,0
102,17,25,3,2,3,3,12,26,21,26,27,7,6,7,0
123,17,19,4,2,14,3,14,49,14,27,21,8,11,10,0
153,22,29,5,3,5,4,16,54,20,36,31,11,12,12,0
108,19,20,4,2,4,3,13,33,15,29,22,8,9,8,0
115,19,19,4,37,4,3,12,40,15,28,20,7,13,12,0
106,19,18,4,37,4,3,13,34,16,29,20,8,10,9,0
115,23,20,5,3,4,3,13,37,15,32,21,9,10,9,0
147,19,57,4,2,4,41,13,35,15,28,59,8,10,9,2
106,18,17,4,37,8,2,13,36,15,27,19,8,8,8,0
122,20,27,5,3,5,3,13,37,22,30,29,9,9,9,0
99,17,17,4,37,4,3,12,32,13,26,18,7,8,7,0
104,19,18,4,38,4,3,13,32,15,28,19,7,8,8,0
165,20,62,5,38,5,42,14,42,17,32,64,11,12,12,2
107,21,20,4,2,4,3,13,32,17,30,21,7,9,7,0
138,18,55,5,2,3,41,11,31,15,27,57,7,8,7,2
151,20,57,4,38,4,41,13,34,16,30,63,8,9,8,2
107,20,19,4,37,4,3,13,34,16,29,20,7,9,8,0
154,19,54,4,3,5,4,15,43,15,29,56,8,11,9,1
105,18,19,4,38,4,3,13,35,15,27,20,8,10,8,0
158,25,30,7,38,7,4,17,54,20,40,33,16,13,14,0
108,21,19,4,2,3,2,13,33,18,30,20,8,9,8,0
145,19,57,4,3,4,41,13,32,15,28,59,8,9,8,2
104,20,19,4,2,4,3,12,32,16,29,20,7,8,8,0
175,23,62,5,3,6,42,16,45,18,36,64,10,12,11,2
104,19,17,3,37,4,2,11,32,14,31,19,8,8,8,0
137,17,51,5,3,4,3,12,33,15,26,53,8,7,8,1
130,20,23,5,38,4,4,19,41,17,31,25,10,11,11,0
154,22,25,5,38,6,4,19,48,18,37,28,14,13,12,0
110,23,20,4,3,4,3,12,34,15,32,21,8,9,8,0
136,18,51,4,3,4,3,12,31,15,27,53,7,8,7,1
152,26,26,5,3,6,4,16,45,21,40,28,11,11,11,0
143,27,23,5,3,6,4,14,43,19,39,32,11,11,11,0
109,19,18,4,3,4,3,13,35,15,29,19,7,10,8,0
105,19,20,4,37,4,3,12,33,15,28,21,7,8,8,0
108,19,19,5,38,4,3,13,34,15,29,21,7,9,8,0
147,20,59,4,3,4,41,11,35,16,29,61,8,8,9,2
112,19,19,5,3,5,3,13,38,14,29,20,8,9,10,0
113,18,20,4,3,4,3,13,39,15,27,22,8,9,13,0
107,21,19,4,38,4,3,13,33,17,30,20,8,9,9,0
148,19,55,4,38,4,41,12,39,15,28,57,7,15,8,2
144,21,57,4,38,5,41,13,31,17,30,59,7,8,7,2
105,19,18,4,37,4,3,12,33,15,28,20,8,8,9,0
93,17,15,4,2,3,2,11,30,13,25,16,6,8,7,0
107,19,19,4,3,4,3,12,34,16,28,20,8,8,9,0
116,18,20,4,2,3,3,12,35,16,30,22,9,9,8,0
106,18,19,9,37,3,3,12,35,15,27,20,7,8,8,0
105,19,18,3,37,4,2,14,32,15,29,20,7,8,8,0
122,19,20,5,3,5,3,13,42,15,29,21,8,11,10,0
139,25,30,5,39,6,3,12,43,27,38,33,9,11,11,0
104,18,18,4,37,4,2,12,32,15,29,21,8,8,8,0
107,20,18,4,3,4,3,12,34,16,30,20,7,9,8,0
109,18,18,4,3,4,2,12,35,14,29,20,9,10,9,0
120,19,19,5,3,5,3,14,42,15,31,21,9,11,10,0
135,23,20,4,3,4,3,16,42,18,35,22,10,11,11,0
108,21,19,5,38,4,3,13,33,17,30,21,7,8,8,0
102,17,17,4,3,4,3,12,33,14,27,19,8,9,8,0
107,20,19,5,38,5,3,12,33,15,30,20,7,8,8,0
109,23,19,4,2,4,3,14,33,15,32,20,7,9,8,0
113,19,18,4,37,4,3,12,37,15,28,25,12,8,12,0
95,16,15,3,38,5,2,10,36,13,24,17,7,9,9,0
102,18,19,4,38,4,3,11,32,15,27,20,7,9,8,0
131,24,23,5,3,5,4,14,42,20,37,25,10,11,11,0
122,19,22,4,2,5,4,14,41,15,31,24,9,9,10,0
110,20,20,4,2,4,3,13,34,16,31,22,8,9,8,0
106,19,18,4,3,4,2,13,35,15,29,19,8,9,9,0
108,18,22,4,2,4,2,14,34,15,27,24,7,11,8,0
174,25,59,5,3,5,5,16,43,21,41,62,10,11,11,1
135,20,22,5,38,5,4,15,44,16,33,24,11,11,12,0
141,20,50,4,38,4,2,14,34,16,31,52,7,10,8,1
142,24,26,6,38,6,5,16,45,19,37,28,11,12,11,0
110,19,18,4,37,4,3,12,32,15,29,20,7,8,8,0
177,29,30,7,38,13,5,20,62,21,43,33,13,16,14,0
116,20,26,4,2,3,2,13,33,16,29,27,8,9,9,0
138,18,51,4,38,4,3,11,33,15,29,53,8,9,8,1
149,20,53,5,2,4,3,13,37,18,30,56,8,10,9,1
141,24,26,5,3,6,4,14,45,19,37,29,12,11,11,0
151,23,28,11,38,5,5,17,52,18,36,31,11,11,11,0
109,18,24,4,3,4,3,12,33,15,28,26,13,8,8,0
110,19,18,4,38,4,2,12,37,15,27,21,8,9,10,0
111,19,19,5,37,3,3,15,32,15,28,21,7,8,8,0
150,25,25,5,38,6,4,15,45,20,42,28,11,11,13,0
131,17,28,14,38,5,13,14,47,14,28,30,8,9,10,0
102,18,18,4,37,3,3,11,33,15,27,20,7,9,8,0
107,19,19,4,2,4,3,13,34,15,28,21,8,9,8,0
109,18,18,4,2,5,3,13,35,14,30,19,8,10,8,0
105,20,19,4,38,4,3,12,32,16,29,21,8,8,8,0
148,24,24,6,38,6,4,15,47,20,44,26,11,13,12,0
131,20,24,5,38,5,4,16,45,16,31,27,11,12,12,0
145,19,56,4,3,4,41,12,32,15,28,58,7,9,8,2
168,34,26,7,39,7,5,15,53,28,49,28,11,14,13,0
159,26,29,6,39,6,4,18,52,21,41,32,14,14,14,0
161,22,58,5,37,5,42,15,40,14,32,60,13,11,11,2
105,19,19,4,37,4,3,12,33,15,28,21,8,9,8,0
117,18,19,13,2,4,3,12,45,15,27,21,8,13,8,0
156,25,29,7,3,6,5,18,51,20,40,31,12,12,12,0
104,19,17,4,3,4,2,12,33,14,29,19,7,9,8,0
106,19,18,4,2,4,2,11,37,15,28,19,7,13,8,0
157,18,59,5,3,5,41,13,39,16,30,61,9,10,10,2
138,19,50,5,2,4,3,12,35,15,29,52,8,9,9,1
104,18,19,4,2,4,3,13,32,16,28,20,7,8,9,0
106,19,18,4,2,4,3,12,33,15,30,20,8,9,9,0
105,19,19,4,2,3,2,12,32,16,29,21,7,9,8,0
133,18,51,3,37,4,3,12,30,15,27,52,7,8,7,1
107,19,20,4,2,4,3,12,34,16,28,21,7,10,8,0
150,19,57,5,38,4,41,12,39,15,29,59,8,14,8,2
106,19,19,4,37,4,3,13,33,16,29,21,7,10,8,0
140,20,51,4,3,4,3,13,33,16,30,52,8,9,9,1
128,21,21,5,3,4,3,17,43,16,32,23,10,11,12,0
118,21,20,4,3,5,2,12,38,18,32,21,10,10,10,0
108,18,19,5,3,5,3,12,34,15,29,21,8,9,8,0
146,21,57,4,37,4,41,13,33,16,31,58,8,9,8,2
92,17,14,3,37,3,2,9,29,13,28,15,7,7,8,0
116,19,21,5,3,4,3,13,40,16,30,22,9,11,10,0
106,19,18,4,38,4,2,14,33,15,28,20,7,9,8,0
101,17,18,4,2,4,3,12,33,13,26,20,9,9,8,0
111,22,19,4,2,4,3,14,34,17,32,21,8,10,8,0
134,22,24,5,38,5,4,16,43,17,35,26,11,11,11,0
116,21,20,5,2,4,3,12,35,16,36,22,8,8,9,0
105,18,19,4,38,4,3,13,33,15,28,20,8,8,8,0
97,15,20,3,2,3,2,12,29,12,23,21,7,7,8,0
93,16,18,3,37,3,2,11,27,14,23,20,8,7,7,0
156,20,57,5,38,5,42,13,39,15,32,59,8,10,9,2
134,18,49,4,38,3,2,12,32,15,28,51,8,9,8,1
163,26,27,6,38,5,4,15,45,21,44,36,10,11,12,0
99,18,16,5,37,4,2,12,31,14,27,18,7,8,9,0
114,20,20,5,38,4,3,13,39,16,29,22,9,10,10,0
111,20,17,4,2,4,2,14,32,15,29,19,7,10,8,0
104,19,17,3,3,4,2,12,33,15,28,19,6,9,8,0
139,22,23,5,3,5,4,16,45,17,39,25,10,12,12,0
106,19,19,4,3,4,3,13,34,15,28,20,7,10,8,0
129,20,23,5,3,6,4,15,44,17,32,26,9,12,10,0
139,23,26,5,38,6,5,15,45,19,37,28,11,12,12,0
135,18,51,4,3,4,3,12,32,15,27,53,8,9,8,1
144,26,26,5,38,5,4,17,46,19,40,28,11,13,11,0
110,19,19,6,38,4,3,12,34,15,31,21,8,8,8,0
107,20,18,5,2,4,2,12,35,15,29,19,8,9,9,0
103,19,18,4,2,4,3,12,32,15,28,20,7,8,8,0
139,22,24,5,38,6,4,14,48,17,35,27,11,11,12,0
111,18,18,5,38,7,3,12,38,15,29,20,8,9,8,0
107,17,17,5,2,5,2,12,39,13,28,19,7,10,9,0
107,19,18,4,38,3,2,14,35,16,30,19,8,11,9,0
107,22,18,4,2,3,2,12,31,15,31,20,8,9,8,0
107,19,20,4,38,4,4,11,34,15,28,21,8,9,8,0
115,20,19,4,3,4,3,13,41,16,30,20,8,10,8,0
190,25,66,7,2,6,42,17,51,21,38,69,13,13,13,2
140,19,52,4,38,4,3,14,33,16,29,53,8,8,8,1
159,20,60,5,38,4,42,14,38,16,33,62,8,10,8,2
146,23,57,4,37,4,41,11,31,15,32,58,8,7,8,2
139,20,30,5,38,5,7,15,43,17,34,32,11,12,12,0
109,23,19,4,37,3,3,12,30,20,35,21,7,8,8,0
103,18,19,4,38,4,3,12,31,15,28,21,8,8,8,0
105,24,15,4,9,4,3,11,36,13,33,16,8,10,8,0
109,19,19,5,38,4,3,12,36,15,28,21,8,9,9,0
118,20,20,5,40,4,3,17,36,16,30,21,9,9,9,0
112,18,20,4,38,5,3,11,37,15,28,21,9,10,9,0
156,25,27,14,2,5,4,15,52,20,42,29,9,10,10,0
111,18,20,5,3,4,3,13,37,15,29,22,8,9,10,0
102,18,22,3,37,3,3,11,28,14,26,23,8,8,8,0
146,20,53,4,38,5,3,12,37,16,30,55,9,10,10,1
147,21,51,5,2,4,3,13,37,16,31,53,8,10,9,1
107,18,19,5,3,4,3,12,34,15,27,21,8,9,9,0
140,18,56,4,2,4,41,12,30,15,28,58,7,8,7,2
112,24,18,5,37,4,3,12,35,16,34,19,7,8,8,0
105,19,19,4,2,4,3,12,32,17,28,21,7,8,8,0
136,18,51,5,2,4,3,12,33,15,27,53,8,8,8,1
113,20,19,4,38,5,3,13,37,16,30,21,10,10,9,0
100,18,17,4,2,4,3,13,31,14,26,18,6,8,7,0
148,20,57,5,3,4,41,13,35,15,30,59,8,9,8,2
107,20,19,4,37,4,3,14,33,16,29,20,8,9,8,0
112,20,19,4,2,4,3,12,33,16,31,20,8,9,8,0
103,18,18,4,2,3,2,13,29,15,29,19,7,8,7,0
124,20,24,5,38,5,4,15,38,16,32,26,8,11,8,0
118,18,23,4,2,4,6,12,34,13,34,26,7,9,8,0
106,19,19,4,38,4,3,12,34,15,28,21,7,8,8,0
104,20,18,4,37,4,3,12,32,16,29,20,7,8,8,0
107,19,18,4,3,5,2,13,36,15,28,20,8,10,9,0
138,25,25,5,38,6,5,15,44,20,38,27,11,11,11,0
115,20,20,5,38,5,3,12,38,16,31,21,8,9,10,0
114,24,20,4,38,4,3,13,34,22,34,22,7,9,8,0
107,19,19,4,3,4,3,13,34,15,29,20,8,9,9,0
134,17,51,4,2,5,3,10,35,14,26,53,8,9,9,1
147,26,25,5,3,6,4,16,50,22,41,28,11,16,12,0
120,32,21,4,38,4,3,12,32,30,41,22,8,8,10,0
146,21,27,6,2,5,3,14,41,18,48,29,10,11,10,0
106,22,19,3,38,4,2,12,29,17,33,21,8,9,8,0
109,18,22,5,37,4,3,13,33,19,27,24,7,9,8,0
106,19,19,5,38,4,3,12,34,15,28,21,7,9,8,0
123,17,25,4,37,13,5,14,45,15,26,27,9,10,9,0
109,19,20,4,38,4,3,13,35,15,28,22,7,10,9,0
138,25,24,6,4,6,4,13,43,20,39,27,11,11,10,0
144,25,27,5,39,6,4,15,47,19,38,30,11,12,12,0
106,18,18,5,3,5,3,13,35,15,28,20,8,9,9,0
115,19,19,4,39,4,2,13,34,16,30,20,8,9,8,0
106,18,21,4,38,5,3,12,34,16,26,23,9,8,9,0
145,20,57,5,2,4,41,12,33,16,30,59,7,9,7,2
103,19,19,4,2,4,3,12,32,15,28,21,7,9,8,0
152,26,27,7,5,6,4,16,51,21,40,29,11,14,12,0
118,26,19,5,38,4,3,14,36,22,36,20,9,10,9,0
121,19,19,5,38,5,3,12,37,15,34,24,7,9,9,0
135,18,52,4,3,4,3,12,31,15,27,54,7,9,7,1
106,20,19,4,38,4,3,12,32,16,31,20,7,9,8,0
147,18,58,4,38,5,41,12,35,15,28,60,8,9,8,2
122,21,22,5,38,4,4,13,39,17,32,24,8,9,10,0
136,21,49,3,2,4,2,13,30,16,30,51,7,9,7,1
106,19,19,4,38,4,3,12,33,15,28,20,7,9,8,0
216,28,67,7,4,7,43,17,66,22,45,70,13,13,24,2
132,20,23,5,3,5,4,21,42,16,30,25,8,12,9,0
105,24,17,4,2,3,2,12,31,20,33,19,7,8,8,0
104,19,19,5,38,4,3,12,34,15,28,21,7,9,8,0
146,24,28,5,38,5,3,18,49,20,37,31,10,10,18,0
116,23,24,4,38,4,3,13,32,19,33,26,8,8,8,0
107,21,18,5,38,4,2,12,33,15,31,19,8,8,8,0
108,21,17,11,37,3,2,12,37,15,30,19,7,8,8,0
135,17,51,5,2,4,3,12,33,14,28,52,8,8,8,1
104,19,19,4,2,4,3,13,32,15,28,20,7,8,8,0
164,25,28,6,4,6,4,16,65,21,38,31,11,15,11,0
108,21,20,4,2,3,3,12,33,17,30,21,8,9,8,0
133,23,21,5,2,5,5,15,42,17,35,23,9,11,11,0
140,20,50,5,37,4,2,12,34,16,30,52,8,9,8,1
135,21,21,5,38,5,3,22,45,15,33,23,10,10,15,0
142,20,51,4,2,4,3,12,33,16,34,53,8,9,8,1
160,19,53,5,2,4,3,18,44,14,31,55,11,12,11,1
109,19,19,4,38,5,3,13,35,15,29,21,8,9,8,0
119,21,20,6,38,6,4,12,42,16,30,21,9,10,10,0
114,23,19,5,3,4,3,12,37,14,32,21,8,9,10,0
149,20,52,5,38,5,3,11,42,15,31,54,9,11,10,1
97,18,17,3,38,3,2,12,28,14,27,20,6,9,6,0
109,17,18,4,3,4,3,12,37,14,26,20,9,10,10,0
114,19,21,5,38,5,3,13,37,15,29,22,9,10,9,0
106,20,19,4,3,5,3,12,34,17,29,21,7,9,8,0
167,26,29,7,38,6,5,19,55,21,41,32,13,15,14,0
151,21,27,5,38,5,4,18,48,18,41,30,13,13,13,0
103,16,21,4,37,3,2,10,29,13,24,23,7,8,8,0
145,20,52,5,38,4,3,12,37,15,29,54,9,9,10,1
102,19,18,4,2,4,2,12,32,15,29,19,7,9,7,0
110,21,19,4,3,4,3,13,33,16,31,20,7,9,8,0
136,17,54,5,3,4,41,11,35,14,27,55,8,9,9,2
119,18,16,4,2,4,2,13,32,14,47,17,7,8,8,0
108,20,19,4,3,3,3,13,33,16,30,20,8,9,8,0
139,18,50,5,38,4,2,13,33,14,29,52,7,8,8,1
105,18,18,4,2,4,3,13,33,15,28,20,7,9,8,0
116,16,30,6,38,4,13,12,35,14,26,32,8,9,9,0
151,19,59,4,38,4,41,13,36,15,29,61,9,10,9,2
115,21,19,4,38,5,2,15,37,17,31,20,8,10,10,0
156,25,28,7,4,6,4,18,51,21,39,31,13,13,12,0
104,18,18,4,37,4,2,13,33,15,27,20,7,9,8,0
111,20,18,4,3,4,3,16,34,16,29,19,7,9,9,0
103,19,18,4,2,4,2,13,31,15,29,19,7,8,8,0
110,19,18,4,3,5,3,13,37,15,29,20,8,9,10,0
135,25,22,5,2,5,4,17,43,17,38,24,10,12,10,0
123,20,20,4,3,11,3,13,47,18,30,22,8,10,14,0
142,21,25,5,37,5,5,16,49,17,35,27,10,11,10,0
104,18,18,4,37,4,3,12,33,15,27,20,8,8,8,0
103,20,19,4,37,4,3,12,30,15,29,20,7,8,8,0
139,25,25,5,39,5,4,15,39,21,43,28,11,9,10,0
116,19,19,4,38,4,3,14,38,16,29,21,7,9,13,0
112,18,20,4,38,5,3,13,36,15,28,22,9,8,10,0
102,18,18,4,37,3,3,12,32,15,27,20,7,9,8,0
101,18,17,5,38,3,2,12,32,15,27,18,6,9,8,0
114,18,20,4,38,4,3,13,39,14,27,22,10,10,11,0
128,22,20,5,38,5,3,13,42,18,39,22,8,11,10,0
138,25,25,5,3,6,4,16,45,19,37,27,12,11,11,0
105,19,19,4,2,4,3,13,32,15,28,20,7,9,8,0
98,17,17,3,3,4,3,11,31,14,27,18,7,8,8,0
109,21,20,4,3,4,3,12,33,16,31,21,7,9,8,0
114,19,18,5,2,3,2,13,39,15,28,19,7,15,9,0
124,22,20,5,38,5,3,12,42,17,35,22,9,11,11,0
96,18,14,4,38,4,2,10,32,13,27,15,7,8,8,0
146,16,55,5,3,4,4,14,37,14,26,57,9,9,11,1
162,27,30,8,4,7,5,18,54,22,40,32,13,13,14,0
114,23,19,5,38,5,3,11,36,15,33,21,7,8,9,0
110,19,20,4,3,5,3,14,35,16,29,21,8,10,8,0
103,18,18,4,37,4,2,13,34,15,28,19,7,9,8,0
167,25,54,5,38,5,4,15,43,19,37,57,10,11,11,1
104,19,18,4,2,4,3,12,31,16,29,20,7,9,8,0
110,18,20,5,38,5,3,13,38,15,27,21,8,10,9,0
99,19,19,3,38,3,3,12,28,16,29,20,7,7,7,0
108,19,19,4,38,4,3,13,33,16,29,21,7,9,8,0
101,20,18,4,37,3,2,12,29,16,29,19,7,7,7,0
155,27,28,6,38,6,4,17,49,21,41,31,12,13,11,0
105,19,19,4,3,4,2,13,32,15,28,20,7,8,7,0
118,19,19,6,38,4,2,14,37,16,35,20,8,9,8,0
123,20,24,5,38,4,4,13,34,18,31,26,8,9,8,0
104,18,20,4,37,3,3,12,32,15,28,21,8,8,8,0
107,20,18,4,37,4,2,12,34,16,29,20,7,10,8,0
108,20,18,4,37,3,2,12,33,16,33,19,8,9,8,0
107,19,19,4,3,5,3,12,34,16,29,20,8,9,8,0
113,18,19,4,3,5,3,14,41,15,27,21,8,14,9,0
142,18,51,4,38,4,3,12,32,15,28,52,7,8,8,1
102,18,18,4,37,3,3,12,33,14,27,20,7,9,9,0
95,17,13,4,38,4,2,12,33,13,26,14,7,8,8,0
107,19,18,4,38,4,3,12,35,15,28,19,7,10,8,0
114,20,20,5,3,5,3,13,38,17,30,22,9,9,9,0
146,19,51,5,2,4,3,13,34,17,30,52,8,9,8,1
108,19,23,4,38,4,4,14,32,16,28,24,7,8,8,0
131,21,26,5,10,5,4,16,40,18,33,28,11,10,10,0
111,18,20,3,3,4,3,12,33,16,28,22,9,8,9,0
119,20,27,9,2,4,2,11,36,16,30,29,7,8,8,0
101,18,18,4,3,4,2,12,32,15,27,20,7,8,8,0
190,25,63,6,38,6,3,19,48,20,38,66,19,13,12,1
102,20,17,4,3,4,3,11,32,14,29,19,7,8,8,0
116,21,19,5,38,5,3,13,39,14,32,21,8,10,9,0
103,18,18,5,38,4,2,13,33,15,27,19,7,8,8,0
108,19,20,4,38,4,3,13,34,16,29,21,8,9,8,0
106,19,19,4,37,4,3,12,32,16,29,21,8,9,8,0
106,18,20,3,2,4,3,12,30,15,27,21,7,8,8,0
94,17,16,4,2,4,2,10,32,12,26,17,7,9,7,0
114,19,20,4,38,4,3,13,36,16,29,21,9,9,9,0
110,17,22,4,2,7,2,13,36,12,26,24,6,9,8,0
104,20,19,3,2,4,2,13,31,16,30,20,7,8,8,0
161,21,53,5,3,5,3,13,37,16,38,56,8,9,9,1
183,24,58,6,4,5,4,18,49,20,39,61,11,13,11,1
104,19,18,4,37,4,3,13,32,14,29,19,7,9,8,0
116,28,22,4,38,3,2,13,32,20,37,23,7,9,8,0
108,19,20,4,3,4,3,13,34,15,28,22,8,9,8,0
113,21,19,4,3,4,3,13,35,16,32,21,9,9,9,0
102,15,18,4,3,4,2,11,31,13,23,20,8,9,8,0
99,17,20,3,37,3,3,12,27,15,28,22,7,8,7,0
106,19,18,5,3,4,3,12,33,15,28,20,8,8,8,0
107,19,18,5,38,4,3,13,35,16,28,19,8,10,9,0
117,21,20,4,38,5,3,13,42,17,30,22,7,10,9,0
159,26,30,7,39,5,5,17,50,23,42,33,10,13,12,0
103,19,17,4,38,4,3,12,31,15,29,19,6,8,7,0
136,21,50,4,37,4,3,11,32,17,30,51,7,8,8,1
107,20,19,4,2,4,3,12,33,18,29,21,7,9,8,0
109,18,19,4,38,3,3,16,31,15,28,21,8,8,8,0
115,20,19,4,3,4,3,13,34,16,36,20,8,10,8,0
106,23,18,4,37,3,2,13,30,15,32,20,7,8,7,0
132,18,52,4,38,3,2,11,28,16,27,53,7,7,7,1
116,19,23,4,38,5,3,12,35,18,33,25,7,9,8,0
105,18,20,5,2,4,3,12,33,15,28,21,8,8,8,0
100,18,17,4,2,3,2,11,31,14,28,19,7,8,8,0
110,19,21,4,38,4,3,13,33,16,28,23,8,9,8,0
112,25,22,3,2,4,2,11,31,16,36,24,8,8,8,0
96,18,15,5,38,4,3,10,33,14,27,17,7,8,8,0
120,21,22,5,38,5,4,13,37,18,33,24,8,9,9,0
104,19,18,4,38,4,3,11,34,15,29,20,8,8,9,0
102,18,18,4,38,4,3,12,32,14,28,19,7,8,8,0
111,21,18,5,38,4,3,12,34,15,33,20,8,9,8,0
150,19,62,4,38,4,41,13,34,15,29,63,8,10,8,2
109,20,19,4,2,4,3,14,36,15,29,20,8,9,9,0
146,18,53,4,38,4,3,12,36,15,30,55,8,11,9,1
107,18,18,4,38,3,3,12,33,14,30,19,7,8,8,0
174,25,32,6,3,6,5,18,58,20,41,35,12,15,14,0
124,18,20,5,38,5,3,15,46,15,29,22,10,13,11,0
100,18,17,3,2,3,2,13,30,15,27,18,8,9,8,0
122,19,19,4,38,5,3,13,40,15,32,21,9,10,10,0
105,20,19,4,3,4,3,12,31,15,29,20,7,8,8,0
111,21,18,4,2,4,3,14,35,16,32,20,8,10,9,0
108,23,18,4,2,4,2,13,33,19,32,20,7,9,8,0
106,18,21,4,37,3,2,12,32,15,27,22,8,10,8,0
102,18,20,4,38,4,3,12,31,15,27,22,7,9,7,0
111,16,16,4,38,4,2,8,32,14,39,18,7,7,8,0
105,18,19,4,38,5,3,12,34,15,28,21,7,9,8,0
103,19,18,4,2,3,3,13,32,14,29,19,7,10,8,0
158,21,54,4,2,4,4,15,36,17,34,56,10,9,9,1
113,19,27,5,2,4,2,24,33,15,27,28,7,9,7,0
148,19,57,4,38,4,41,12,32,15,29,58,7,8,7,2
154,18,59,4,2,4,41,17,40,16,29,61,8,15,9,2
106,19,18,4,2,3,2,12,34,15,29,20,9,9,9,0
118,25,21,3,3,5,3,13,34,16,35,22,8,8,9,0
114,19,20,5,37,4,3,12,36,15,33,22,9,9,10,0
131,19,29,4,3,5,13,13,36,16,30,31,8,9,10,0
110,20,20,4,3,5,3,12,33,15,29,22,8,9,9,0
98,18,17,3,38,3,2,12,29,14,27,19,7,8,7,0
142,18,58,4,3,4,41,14,32,16,28,59,8,8,8,2
110,19,19,4,3,5,3,13,36,16,29,21,8,9,9,0
108,18,18,5,38,4,3,15,35,15,28,20,8,10,8,0
119,18,20,5,3,5,3,14,40,14,29,23,9,11,9,0
141,18,57,4,2,4,41,13,32,16,28,59,8,9,8,2
146,20,57,4,38,4,41,12,34,16,29,58,8,9,8,2
109,20,19,4,2,4,3,12,34,16,30,21,8,9,8,0
104,18,18,4,38,5,3,11,34,15,28,20,7,9,8,0
110,19,22,4,38,3,3,13,33,16,28,23,8,9,9,0
152,20,58,4,3,5,41,13,38,15,30,60,8,8,8,2
113,20,20,5,38,5,3,12,37,15,30,21,9,9,9,0
131,21,20,5,38,5,2,15,50,17,31,22,9,10,11,0
116,20,20,5,3,5,3,12,38,16,30,22,10,9,10,0
105,19,18,4,2,4,2,12,33,16,29,20,8,8,8,0
99,18,16,4,2,3,2,13,30,15,28,18,7,9,8,0
144,24,29,6,38,6,6,13,46,20,38,31,12,11,12,0
104,18,17,4,2,4,2,12,35,15,27,19,7,9,9,0
137,18,52,4,2,4,3,14,33,15,28,53,8,8,8,1
112,19,19,5,3,5,3,12,38,15,29,21,8,10,9,0
118,19,19,4,3,5,3,15,41,15,29,21,9,11,11,0
98,18,20,3,2,4,3,10,27,16,28,22,7,7,6,0
147,19,51,6,38,5,3,14,40,15,29,53,7,10,10,1
123,21,19,5,38,5,2,15,42,16,31,21,10,11,11,0
155,24,30,6,38,6,5,17,52,21,38,32,11,14,13,0
132,21,26,5,2,5,3,21,38,18,32,28,13,9,9,0
142,18,59,4,2,3,11,12,31,15,28,60,8,8,8,1
106,19,19,5,37,4,3,12,33,15,28,20,7,9,8,0
114,20,19,7,2,4,3,13,39,16,31,21,8,11,9,0
101,21,19,4,37,3,2,12,27,19,31,20,7,8,7,0
108,19,19,4,38,5,3,13,34,16,29,21,6,9,8,0
164,21,54,5,38,6,3,15,47,16,33,56,10,16,11,1
135,22,25,6,38,5,3,15,42,17,35,27,9,9,11,0
106,19,14,4,38,4,2,13,35,14,29,16,6,10,8,0
103,18,18,4,2,4,3,12,32,15,27,19,7,8,8,0
115,21,18,4,2,3,3,21,42,17,30,20,7,18,8,0
111,18,27,4,38,4,2,13,32,24,26,28,8,9,8,0
154,28,29,7,4,5,5,16,49,21,41,32,10,12,12,0
135,18,55,4,3,3,2,12,30,15,27,56,7,8,7,1
96,18,14,3,37,3,2,8,30,14,26,16,6,7,8,0
115,20,21,4,38,5,3,13,35,17,32,23,7,10,8,0
120,20,26,5,38,5,3,18,37,16,30,27,8,9,10,0
116,19,19,4,2,3,3,12,44,15,28,20,7,7,7,0
112,19,20,4,8,5,3,12,36,15,30,21,8,10,9,0
107,20,19,4,38,4,3,12,33,16,30,20,8,9,9,0
149,20,53,4,38,5,3,14,37,17,31,55,9,9,10,1
174,24,62,5,3,5,42,16,43,18,36,65,11,11,11,2
109,20,19,5,3,4,3,12,34,15,30,20,8,9,8,0
159,29,27,6,39,5,4,16,45,28,44,40,11,12,12,0
126,21,23,5,3,5,3,14,41,18,34,25,10,11,10,0
123,19,19,4,38,5,3,11,36,15,30,21,8,9,9,0
117,23,19,4,38,5,3,12,37,19,34,21,8,9,9,0
96,17,20,4,3,3,3,13,26,15,25,22,7,6,7,0
106,19,16,4,38,3,2,17,32,15,28,18,7,8,8,0
129,20,32,5,3,5,15,13,39,16,30,34,9,10,10,0
109,18,19,5,3,5,3,14,36,14,27,21,8,9,8,0
111,18,19,4,3,5,3,12,35,14,27,21,9,8,9,0
99,18,17,4,3,4,2,12,31,15,27,19,7,8,7,0
111,20,20,4,38,4,3,14,34,16,30,21,8,9,8,0
143,19,56,4,38,4,41,12,33,16,29,58,7,8,8,2
91,15,17,5,38,4,3,10,33,12,22,18,7,8,8,0
132,21,24,5,38,5,4,17,43,17,34,26,10,12,11,0
103,18,19,3,3,3,2,12,31,15,28,21,7,9,8,0
107,23,18,4,2,4,2,12,31,16,33,20,7,8,8,0
141,23,24,5,3,5,4,16,42,20,35,26,10,11,11,0
102,19,17,4,37,3,2,11,33,15,28,19,8,9,8,0
108,19,20,4,38,3,3,13,33,16,29,22,9,9,9,0
144,19,58,4,3,4,41,13,31,15,29,59,7,9,7,2
138,18,56,3,2,3,41,15,27,14,26,58,6,7,7,2
116,19,19,5,38,5,3,18,37,16,29,20,8,9,9,0
115,21,19,4,38,4,3,13,39,16,31,20,8,14,8,0
106,19,18,4,37,4,2,12,36,16,28,20,13,9,13,0
180,33,63,4,4,5,42,14,43,22,45,65,11,11,12,2
133,18,50,3,2,4,3,13,30,14,27,52,7,9,8,1
113,20,20,4,3,5,4,13,36,16,30,22,8,10,8,0
107,19,19,4,38,5,3,13,34,15,29,21,8,9,8,0
110,19,18,4,2,4,3,12,38,15,29,19,7,14,8,0
155,24,29,6,37,6,5,18,51,19,39,31,12,11,13,0
104,19,18,5,2,4,3,11,33,15,28,20,8,9,8,0
141,29,23,6,3,5,4,15,45,19,42,25,10,13,10,0
102,17,17,5,37,4,3,12,35,13,26,18,7,9,9,0
118,25,21,4,2,4,3,13,36,16,34,23,9,9,9,0
118,20,20,4,3,4,3,13,37,17,32,22,10,10,10,0
115,18,20,4,38,4,3,13,35,15,32,22,9,9,10,0
112,25,18,5,38,4,3,12,34,15,34,20,8,9,8,0
105,19,19,5,2,5,2,12,35,16,28,20,7,9,8,0
119,19,21,5,38,4,3,13,38,15,30,24,9,9,10,0
101,17,18,4,3,4,3,12,32,14,25,20,7,8,8,0
178,28,29,14,4,7,5,17,64,21,43,32,13,17,13,0
107,21,18,4,37,3,2,12,34,15,31,19,8,8,10,0
147,31,24,6,3,5,4,14,48,24,45,27,11,13,12,0
150,20,63,4,37,4,40,12,32,15,29,64,7,8,8,2
105,19,19,4,2,4,2,12,32,16,29,20,7,9,8,0
109,18,24,4,38,4,3,11,32,21,28,26,8,9,8,0
105,20,20,3,38,4,3,12,31,16,30,21,7,9,8,0
115,19,20,5,3,4,3,12,41,15,28,21,8,9,14,0
147,21,56,4,37,4,41,12,31,15,36,57,7,8,8,2
111,19,20,4,2,4,3,15,35,16,29,22,7,11,8,0
108,18,19,5,38,5,3,13,37,13,28,20,8,9,9,0
112,19,20,4,3,5,3,13,38,15,29,21,9,10,10,0
106,19,18,3,37,3,3,12,35,15,28,20,8,8,12,0
112,19,20,5,3,5,3,13,37,16,29,21,9,9,10,0
150,24,23,5,38,6,4,19,52,18,36,27,13,13,14,0
109,20,19,5,3,5,3,12,35,16,30,21,7,8,9,0
118,24,19,4,3,4,3,13,36,20,35,21,8,10,9,0
139,19,50,5,38,4,3,12,37,15,27,51,8,10,9,1
139,24,24,5,39,7,3,13,49,19,36,27,12,12,13,0
121,21,21,4,3,5,3,13,37,16,38,22,8,11,9,0
104,20,19,3,2,4,2,13,31,16,29,20,7,9,8,0
137,23,22,5,38,5,3,16,47,19,35,24,11,12,12,0
98,18,16,4,37,3,2,12,31,15,27,17,7,8,8,0
104,19,18,4,2,4,3,13,32,15,28,19,7,8,8,0
107,19,19,4,3,5,3,11,33,15,29,20,7,8,8,0
106,17,17,4,38,4,2,13,34,14,29,18,7,8,8,0
132,21,26,5,3,4,4,14,41,18,35,29,10,11,10,0
101,19,18,4,2,3,3,11,31,15,28,19,7,8,8,0
161,32,25,6,38,6,4,18,50,26,47,28,12,13,12,0
100,18,18,4,37,3,2,12,30,15,27,20,7,9,7,0
124,21,22,5,38,5,4,13,39,17,33,24,9,10,9,0
123,21,27,4,44,4,8,13,40,17,30,28,8,11,10,0
135,18,55,4,37,3,40,13,31,14,26,56,8,8,8,2
136,17,52,4,38,4,3,12,32,14,26,54,8,9,8,1
105,19,18,4,3,4,2,11,35,15,28,20,7,7,13,0
109,21,20,4,37,4,3,13,32,16,31,22,7,9,8,0
197,27,65,7,4,6,42,17,51,21,42,68,13,13,13,2
108,19,18,4,38,4,2,13,35,16,29,19,8,10,8,0
101,16,21,4,2,4,3,12,31,15,23,22,8,8,7,0
103,18,18,4,38,4,3,12,32,15,28,20,7,8,8,0
100,19,18,4,2,3,2,11,29,15,28,19,7,7,7,0
102,19,18,4,3,3,3,12,30,16,29,20,7,8,8,0
111,19,19,5,38,5,3,12,36,15,29,21,9,9,9,0
103,17,19,4,2,4,3,13,30,14,26,20,7,8,8,0
118,19,20,5,38,5,4,14,41,15,30,22,9,10,10,0
112,19,25,4,38,4,3,12,34,15,30,26,13,9,9,0
105,18,19,4,3,4,3,12,33,15,28,20,8,8,8,0
156,19,58,5,3,5,41,13,40,15,28,60,10,10,11,2
109,19,19,4,4,4,3,13,34,16,30,21,7,9,8,0
140,18,51,5,38,4,3,13,35,15,28,53,8,9,8,1
103,19,18,4,38,4,3,12,33,15,28,19,8,8,8,0
135,18,50,4,38,5,3,11,33,14,27,52,8,8,8,1
118,19,19,5,38,5,3,13,41,14,30,21,10,9,12,0
104,19,19,4,37,4,2,12,32,16,29,21,7,9,8,0
108,17,20,3,3,4,3,13,36,14,26,21,8,10,8,0
106,19,19,4,3,5,3,13,34,15,28,20,7,10,8,0
115,19,26,4,38,4,3,13,36,16,28,27,15,9,10,0
104,18,18,4,3,4,3,12,32,15,28,20,7,8,8,0
105,23,19,3,38,4,3,12,28,15,32,21,7,7,7,0
143,25,26,5,4,6,4,15,43,20,38,27,11,11,11,0
107,21,19,4,37,4,2,12,33,14,30,20,7,8,8,0
111,18,19,4,3,4,3,13,38,15,28,21,8,9,13,0
147,25,26,5,3,6,4,17,47,22,40,29,11,12,11,0
132,30,18,5,3,4,3,13,35,15,42,29,7,9,9,0
143,19,55,4,2,4,3,17,33,16,29,57,8,9,8,1
116,20,20,5,3,5,3,13,36,15,32,22,7,9,8,0
151,17,59,4,3,4,42,15,39,14,27,60,9,11,10,2
109,19,19,4,38,5,3,14,35,15,28,21,8,9,8,0
148,26,51,5,37,4,2,14,34,17,36,52,8,10,8,1
141,23,25,5,3,6,4,16,50,19,35,27,12,18,12,0
164,20,58,4,2,4,41,16,44,14,31,60,12,12,12,2
111,19,19,4,37,8,3,13,38,16,28,21,7,9,8,0
107,19,19,4,38,4,3,13,33,15,29,21,8,9,8,0
111,19,20,5,3,4,2,11,37,16,28,22,9,10,8,0
104,18,17,3,2,4,2,12,31,14,28,19,7,9,8,0
102,18,17,4,38,5,3,13,35,14,26,18,8,10,8,0
114,19,24,5,38,4,3,13,34,16,29,26,7,10,8,0
101,17,18,4,38,4,2,14,33,13,25,20,7,9,8,0
114,18,20,4,2,4,3,12,38,15,27,22,8,10,11,0
119,19,20,5,3,4,3,13,40,16,31,22,10,12,11,0
141,18,56,4,3,4,41,13,31,15,28,58,7,9,8,2
115,18,18,4,38,4,3,12,37,15,29,26,7,8,13,0
117,20,17,5,3,4,3,15,40,14,32,18,9,10,11,0
179,24,64,6,39,5,43,17,43,18,37,66,10,12,10,2
106,20,18,5,2,4,3,13,33,15,29,19,7,9,8,0
110,20,19,5,38,4,3,13,37,16,29,21,8,9,9,0
110,19,20,4,3,4,3,12,35,15,29,21,9,9,9,0
120,19,19,5,3,5,4,12,45,15,30,21,8,15,9,0
119,20,24,5,38,5,3,13,36,21,31,26,8,10,8,0
138,19,50,4,3,5,3,12,35,15,28,52,7,9,8,1
113,20,19,4,3,5,3,11,37,16,30,21,9,9,10,0
117,24,20,4,2,4,3,14,36,17,34,22,8,11,9,0
90,16,15,4,37,3,2,10,32,13,24,16,7,9,8,0
162,24,34,6,38,6,5,17,50,19,39,36,12,13,12,0
118,19,20,4,3,5,3,14,38,15,33,21,10,10,10,0
113,19,20,5,38,5,3,13,38,14,28,21,9,10,9,0
113,20,19,4,3,5,3,17,35,16,29,20,8,9,9,0
136,18,50,4,37,4,3,12,34,15,27,52,8,8,9,1
121,21,22,5,3,5,4,12,36,16,35,24,7,9,9,0
99,17,19,4,37,4,3,11,30,15,25,21,8,7,8,0
108,20,19,4,38,5,3,12,34,16,30,21,8,9,8,0
106,19,19,5,38,4,3,12,33,15,28,21,8,9,8,0
99,17,18,4,2,4,3,11,31,13,25,19,7,7,8,0
106,20,20,3,3,5,3,10,33,16,30,22,9,8,9,0
142,25,26,5,38,6,4,15,45,20,38,28,12,11,11,0
109,20,20,4,3,4,3,13,34,17,30,22,7,9,7,0
109,18,19,4,37,4,2,12,35,15,28,21,9,8,10,0
112,18,18,4,3,4,3,12,40,14,28,19,8,8,15,0
164,20,60,5,38,5,42,15,41,16,32,62,11,11,11,2
123,19,19,5,3,18,3,14,50,16,29,21,8,9,9,0
110,19,20,4,38,5,3,12,36,16,29,22,8,9,9,0
151,20,57,5,2,4,41,14,36,16,30,59,9,10,9,2
114,23,17,4,37,3,2,11,32,20,33,26,7,8,8,0
104,19,18,4,3,4,3,12,32,15,28,20,7,9,8,0
121,20,21,5,3,5,3,14,42,16,31,23,10,12,11,0
103,18,19,4,37,4,3,12,32,15,28,20,7,8,8,0
98,17,19,4,2,3,3,12,30,14,25,21,7,8,8,0
198,25,69,7,39,5,43,19,51,21,39,72,12,14,11,2
158,20,52,5,38,5,3,12,37,16,36,54,8,9,8,1
99,18,17,4,2,3,2,11,30,15,27,19,7,8,8,0
156,18,58,4,3,5,41,13,37,15,34,60,8,10,9,2
122,18,21,5,38,6,4,16,43,15,28,23,7,12,7,0
119,18,22,5,3,4,4,14,40,15,30,24,9,10,10,0
104,18,19,4,2,4,3,13,31,14,28,20,7,9,7,0
106,19,19,4,38,3,3,12,33,15,29,20,8,9,8,0
117,17,42,3,37,3,3,11,25,13,25,43,7,6,6,0
129,21,25,7,3,5,3,15,44,17,32,27,10,11,10,0
104,18,19,4,2,4,3,14,32,15,27,20,7,9,8,0
151,25,28,6,3,6,5,17,51,20,38,31,13,13,13,0
139,22,24,6,38,6,3,16,45,18,36,26,12,11,12,0
112,18,18,5,37,4,3,21,33,13,28,19,7,9,7,0
110,19,17,4,2,4,2,13,32,15,28,19,7,8,8,0
109,19,20,4,38,4,3,12,34,16,29,22,8,9,9,0
114,19,25,5,3,5,3,12,34,16,29,26,7,9,8,0
110,19,24,4,37,4,3,12,33,15,29,26,8,8,8,0
117,19,21,5,3,5,4,14,38,15,30,23,8,10,9,0
113,19,20,4,38,4,3,19,32,16,28,22,7,8,8,0
111,20,22,4,3,4,3,13,33,19,30,24,7,8,8,0
115,19,22,4,37,10,3,12,39,16,28,23,8,10,8,0
191,35,66,5,4,6,44,16,44,31,49,68,11,11,11,2
111,20,20,4,38,4,3,12,36,15,29,21,8,10,9,0
114,19,19,6,38,5,3,12,38,15,28,25,9,8,10,0
142,18,52,5,3,3,3,15,32,14,28,53,8,8,8,1
110,19,23,4,3,4,2,12,34,16,28,24,8,8,9,0
150,23,27,5,4,6,4,15,52,17,36,29,10,10,10,0
115,18,21,4,2,5,3,12,36,14,29,23,9,8,10,0
105,19,18,4,38,4,3,13,33,15,29,20,8,8,9,0
149,19,62,4,3,4,41,13,31,20,29,64,7,8,7,2
107,20,20,4,2,4,3,13,33,17,30,21,8,9,9,0
142,24,29,5,39,5,4,15,46,21,37,31,9,12,10,0
112,19,20,5,3,4,3,12,38,15,29,21,9,9,10,0
111,20,19,4,37,4,3,12,34,16,32,21,9,9,9,0
126,20,22,5,38,5,3,15,42,16,32,24,10,12,10,0
173,22,59,6,3,5,4,16,47,19,33,62,12,11,13,1
114,21,18,4,2,3,3,13,40,17,31,20,7,15,8,0
106,19,19,4,2,4,3,13,32,15,29,20,8,9,7,0
108,18,20,4,38,4,3,12,34,15,28,21,8,9,8,0
141,25,29,5,38,5,4,15,43,25,40,31,11,11,11,0
125,21,21,5,3,5,4,14,39,15,35,24,10,10,10,0
115,20,19,5,38,4,3,12,33,16,38,20,8,8,8,0
142,24,51,4,2,4,2,12,31,15,34,52,7,8,8,1
114,19,27,4,37,3,3,12,33,14,29,28,8,9,8,0
104,19,19,4,2,3,3,14,31,15,28,20,7,8,7,0
132,23,24,5,38,5,4,13,42,20,35,26,11,11,11,0
100,17,18,3,38,4,3,12,31,13,26,19,7,8,8,0
107,20,19,4,2,4,3,13,32,16,30,20,7,9,8,0
142,19,56,4,3,4,2,12,32,15,29,57,7,9,7,1
104,16,19,4,37,3,2,18,31,14,24,20,7,8,8,0
110,18,18,5,38,4,3,12,40,15,27,20,8,15,9,0
102,20,15,4,2,4,3,11,37,14,29,17,7,8,8,0
145,21,57,4,2,4,2,12,32,25,31,59,6,8,8,1
141,20,50,9,37,3,2,13,35,16,29,51,7,9,7,1
108,19,17,4,38,4,2,12,32,15,28,19,7,9,8,0
111,20,19,5,3,5,3,13,36,16,30,21,9,9,9,0
137,19,51,3,3,4,3,12,31,15,30,53,8,9,8,1
112,19,21,4,38,5,3,13,36,16,28,22,9,9,9,0
114,19,20,4,38,8,3,12,40,15,28,22,8,9,9,0
146,18,56,5,3,5,41,12,36,16,27,58,8,10,9,2
108,18,19,4,37,4,3,12,34,15,31,21,8,9,9,0
109,20,20,4,3,4,3,13,34,16,29,21,8,9,8,0
103,17,18,5,38,5,3,11,38,14,25,19,9,10,10,0
127,18,33,5,38,4,3,13,36,26,28,35,10,9,10,0
129,20,20,5,38,5,3,13,47,16,30,26,9,14,12,0
121,20,21,5,38,5,3,13,40,16,33,23,9,10,10,0
105,19,18,4,37,3,2,13,32,16,29,19,7,9,8,0
107,18,18,4,2,4,2,14,34,15,27,21,7,10,8,0
113,18,19,4,38,4,3,12,40,15,27,21,8,9,8,0
107,18,22,4,2,3,1,12,32,15,28,23,8,9,8,0
106,19,20,4,3,4,3,11,33,15,28,21,7,8,8,0
155,19,58,5,38,4,41,13,38,16,31,60,8,10,9,2
126,21,22,5,3,5,4,15,42,15,32,25,12,10,11,0
116,21,19,4,3,5,3,13,38,15,31,20,8,11,10,0
138,25,24,6,3,6,3,14,48,19,38,26,9,12,12,0
104,18,18,4,37,4,3,12,33,15,28,20,7,9,8,0
107,20,19,5,38,4,3,12,34,16,30,20,7,8,8,0
152,19,53,5,38,5,3,13,41,16,30,55,9,11,11,1
105,19,19,4,2,4,3,12,33,16,29,20,7,8,8,0
113,20,20,5,3,4,3,13,38,15,29,21,9,10,9,0
206,26,70,7,39,6,43,20,55,23,41,73,14,14,15,2
154,24,24,5,39,16,4,22,54,20,38,27,10,11,11,0
105,19,20,4,2,3,2,11,31,16,28,21,7,8,7,0
178,43,34,7,3,5,5,17,48,38,58,37,12,11,12,0
112,20,18,4,38,5,3,14,37,15,30,20,8,10,9,0
110,20,18,4,38,3,2,13,32,15,34,20,8,9,8,0
100,18,19,3,37,3,3,11,28,16,28,21,8,7,7,0
105,22,19,4,37,3,2,12,31,16,32,20,8,8,9,0
104,18,20,4,3,4,3,11,34,16,28,21,9,9,9,0
120,17,21,5,2,5,4,14,44,14,26,24,10,10,12,0
125,20,22,5,38,5,3,12,42,17,33,24,11,10,12,0
107,19,18,4,38,4,2,13,34,16,29,20,8,9,8,0
110,21,20,4,2,4,3,13,33,16,31,21,8,9,8,0
110,20,20,5,38,5,3,13,35,16,30,21,8,9,8,0
112,22,20,4,38,4,3,12,35,15,31,22,8,9,9,0
104,20,19,4,37,4,2,12,31,17,28,20,7,8,7,0
103,19,18,4,37,4,3,12,32,16,28,19,7,9,8,0
102,19,18,4,3,3,3,12,31,15,28,19,7,8,8,0
122,20,23,5,4,5,4,15,38,16,32,25,8,10,9,0
120,27,19,4,38,5,3,13,36,15,37,21,8,10,9,0
146,19,58,4,37,4,41,13,33,16,29,60,8,9,8,2
105,20,19,4,2,3,3,12,32,16,29,21,7,9,8,0
129,21,21,5,38,5,4,15,44,16,34,24,10,11,11,0
95,17,14,5,38,4,2,11,34,12,25,15,7,9,9,0
107,21,17,4,3,4,3,11,34,14,31,19,8,9,8,0
106,19,19,4,37,4,3,12,33,15,29,20,8,9,9,0
105,18,19,4,3,4,3,12,32,16,29,21,8,9,8,0
112,18,19,5,3,4,3,13,39,15,28,20,7,14,8,0
142,22,52,4,2,4,3,13,33,15,32,53,7,9,8,1
105,18,19,4,39,3,3,11,33,15,28,21,8,8,9,0
127,21,24,5,39,4,4,16,40,16,33,26,11,10,11,0
105,19,19,4,2,4,3,12,33,15,28,20,7,9,8,0
109,19,18,5,38,5,3,13,38,14,28,19,9,10,9,0
132,22,23,5,38,5,4,16,43,16,34,25,11,11,11,0
201,26,66,8,38,7,43,16,54,21,47,68,11,14,12,2
110,20,19,4,2,4,4,11,35,15,31,21,7,9,9,0
199,28,65,7,3,7,7,20,51,24,43,67,12,12,12,1
163,24,30,8,38,5,6,19,60,20,37,33,13,13,12,0
159,24,29,6,38,5,5,20,59,19,36,32,13,21,13,0
149,23,57,5,38,5,41,12,35,20,33,58,8,9,8,2
113,20,19,5,2,4,3,12,35,16,34,20,7,9,8,0
119,29,19,4,38,7,3,13,36,14,38,21,7,9,8,0
107,19,19,5,2,4,3,12,34,15,29,21,8,8,8,0
103,19,18,4,3,4,2,12,32,15,28,20,7,8,8,0
115,20,19,5,38,6,3,13,39,16,30,21,8,9,10,0
115,19,19,5,2,5,3,14,39,13,29,21,8,10,9,0
108,18,20,4,3,4,4,12,34,15,28,21,8,9,9,0
105,19,18,4,3,4,3,12,33,15,30,20,7,9,8,0
112,19,18,4,37,4,2,13,34,16,29,26,7,10,8,0
108,17,21,5,38,5,4,12,36,14,26,23,8,9,8,0
114,18,20,6,38,5,4,12,41,14,28,21,9,10,10,0
126,19,22,5,3,5,3,17,37,16,38,25,9,10,9,0
110,19,20,4,38,5,3,13,35,16,29,22,8,9,8,0
132,19,49,4,3,3,2,11,29,15,29,50,7,8,7,1
143,20,57,4,2,4,41,12,31,17,30,59,7,8,8,2
154,20,59,5,38,5,3,12,33,23,30,60,7,8,7,1
154,20,58,5,4,4,41,12,40,16,30,59,8,9,12,2
115,19,18,5,3,5,4,12,39,14,32,20,9,10,10,0
108,19,19,4,3,5,3,12,34,15,29,20,8,8,8,0
108,18,19,4,38,4,3,14,35,15,27,20,7,9,8,0
146,19,57,4,3,4,41,13,34,16,29,59,8,10,8,2
142,24,27,5,38,5,5,16,44,20,37,30,10,12,11,0
123,21,22,4,3,5,3,15,40,17,33,24,10,11,9,0
123,24,20,5,38,5,3,12,37,15,39,22,9,8,10,0
109,19,19,5,38,4,3,12,34,16,29,21,8,9,8,0
110,19,18,5,38,5,3,13,37,15,29,20,7,10,8,0
164,20,57,5,38,5,41,10,39,15,33,71,9,11,10,2
95,16,18,3,37,4,3,12,28,13,24,19,8,7,8,0
145,24,25,6,3,4,5,18,47,18,38,27,11,15,11,0
103,19,18,4,37,3,3,12,31,15,29,19,7,8,8,0
109,19,23,5,3,4,3,12,33,15,29,24,12,9,8,0
114,21,18,4,38,4,2,13,32,17,32,20,7,9,8,0
153,20,57,5,38,5,41,13,38,16,31,59,9,10,9,2
174,25,29,7,38,6,5,18,62,20,41,32,13,15,15,0
119,19,20,5,6,5,4,13,39,15,28,22,8,10,9,0
108,18,20,4,38,4,3,13,35,15,27,22,8,9,8,0
125,19,18,4,3,4,2,21,37,15,29,20,8,10,10,0
107,18,19,4,38,4,2,13,35,14,27,21,8,8,9,0
106,18,20,4,38,4,3,12,34,15,27,22,9,8,9,0
116,19,25,5,3,4,3,12,35,15,29,27,13,9,8,0
104,19,18,4,2,4,3,11,34,15,28,20,7,9,8,0
121,20,30,5,38,4,2,12,36,18,30,31,9,9,9,0
100,17,18,4,1,5,2,12,32,14,26,20,7,8,8,0
176,21,60,5,4,5,41,16,53,17,33,62,11,11,11,2
120,19,22,5,38,5,4,14,41,16,29,24,9,11,9,0
111,20,20,5,3,5,3,13,37,16,29,21,9,10,9,0
96,15,18,3,37,4,2,12,31,13,23,19,8,8,8,0
119,18,30,5,39,4,3,12,34,14,29,31,18,8,9,0
135,18,51,4,38,4,3,12,31,15,28,53,7,8,8,1
101,18,19,4,37,3,2,11,31,18,28,20,6,8,8,0
132,22,22,5,2,5,5,16,43,17,37,23,10,12,11,0
105,16,17,4,2,4,2,12,38,13,24,19,8,8,13,0
105,18,18,4,38,4,2,14,32,15,28,19,7,9,8,0
110,18,19,4,3,4,2,12,35,15,27,21,9,10,10,0
134,22,25,5,3,4,4,19,41,18,34,27,11,10,11,0
104,19,19,4,2,4,3,12,32,15,28,20,7,8,8,0
106,19,18,4,3,4,3,12,35,15,28,20,7,9,8,0
106,18,23,4,38,4,2,11,32,19,27,25,7,8,7,0
113,17,17,4,38,5,3,14,37,13,27,19,8,11,9,0
108,23,18,5,38,4,3,12,33,15,32,20,7,8,8,0
106,19,18,4,38,4,3,12,34,15,28,19,7,8,9,0
128,21,23,5,38,5,4,15,43,16,33,25,10,11,11,0
143,19,52,4,3,4,3,12,34,16,33,53,8,9,8,1
106,20,19,4,2,4,3,12,28,16,31,21,7,8,6,0
117,23,17,4,37,4,2,13,37,20,35,20,7,13,8,0
123,22,21,5,38,5,3,13,40,17,34,23,9,11,9,0
108,19,20,4,38,4,3,12,34,16,27,22,9,8,10,0
141,23,20,6,3,5,3,17,49,16,36,22,11,13,12,0
100,18,19,4,1,3,2,12,30,15,27,21,7,7,8,0
150,18,56,5,2,8,41,14,38,15,31,58,7,9,8,2
105,19,22,3,38,4,2,12,32,20,27,24,7,9,8,0
112,19,20,4,3,5,3,12,37,15,30,21,7,9,8,0
138,20,52,4,38,3,3,12,31,16,30,54,7,8,7,1
107,18,20,4,38,4,3,12,35,15,27,21,8,9,9,0
167,19,60,19,3,5,42,13,52,16,28,62,9,9,10,2
140,23,51,4,37,3,3,12,32,15,33,53,7,8,8,1
108,20,19,4,3,4,3,13,33,16,30,21,7,9,8,0
152,19,51,5,38,4,3,25,35,16,29,53,8,9,8,1
156,26,29,7,3,6,4,17,52,20,39,32,13,14,13,0
107,20,18,4,2,4,2,13,34,16,30,20,7,10,9,0
143,18,57,4,37,4,41,13,34,15,28,58,7,10,8,2
115,18,19,5,38,5,3,13,40,15,28,21,9,9,11,0
128,21,22,5,38,5,3,13,45,16,33,24,9,15,10,0
164,23,56,4,3,5,3,15,42,20,35,58,10,11,11,1
126,23,21,5,38,5,4,14,40,18,35,23,10,10,10,0
114,20,18,4,3,4,3,13,35,16,31,24,7,10,9,0
115,18,24,5,38,5,3,13,36,15,28,26,8,9,8,0
144,23,23,7,3,6,3,17,49,19,37,26,10,13,12,0
137,23,24,5,38,5,2,15,47,17,35,26,10,11,14,0
139,25,23,5,3,5,4,16,44,19,38,25,10,12,11,0
115,19,23,5,38,6,3,11,38,15,31,24,8,9,9,0
145,20,52,5,3,4,2,14,36,16,31,54,9,10,9,1
143,18,57,4,38,4,41,13,32,15,29,59,7,9,8,2
159,26,28,5,38,6,5,17,51,20,39,31,12,13,12,0
138,24,26,5,3,5,4,17,44,20,36,28,11,12,11,0
107,19,18,4,2,4,3,12,33,15,29,20,7,9,9,0
97,21,16,4,37,3,2,9,30,16,31,18,7,8,7,0
97,18,15,4,2,4,1,12,31,13,27,15,7,8,8,0
99,18,22,3,2,3,2,12,26,16,27,24,7,7,7,0
113,20,19,5,38,5,3,13,38,16,30,21,8,10,9,0
165,20,60,5,38,5,42,16,42,15,31,62,10,12,10,2
104,19,21,3,2,4,3,12,30,16,28,23,8,8,7,0
123,20,23,5,38,4,3,17,39,15,31,25,10,10,11,0
103,19,18,4,1,4,2,12,30,16,29,19,7,9,7,0
142,23,26,5,38,6,4,16,49,19,35,28,13,13,14,0
170,23,62,6,3,6,43,13,43,19,35,64,12,10,10,2
105,18,18,4,3,3,3,13,32,15,29,20,7,9,8,0
115,20,19,5,2,5,3,13,38,16,31,21,9,9,10,0
112,19,20,4,38,5,3,12,37,15,29,21,8,9,11,0
117,19,22,5,4,5,4,13,39,15,30,24,8,10,10,0
107,19,19,4,2,4,3,13,33,15,29,20,7,10,7,0
101,19,18,4,38,4,3,12,31,15,28,19,7,8,8,0
115,21,24,3,38,3,6,13,35,17,31,25,7,8,7,0
105,17,19,4,2,4,3,12,34,13,26,20,7,8,8,0
186,29,30,8,38,6,5,18,68,22,43,34,14,14,14,0
112,19,24,5,38,4,3,17,35,15,28,25,9,9,9,0
123,22,21,4,3,5,3,12,40,18,33,23,10,11,11,0
101,18,19,4,37,3,3,11,31,15,27,20,8,8,8,0
116,20,20,5,3,4,3,12,38,16,31,21,9,10,10,0
140,25,25,5,38,5,3,15,43,20,40,27,12,12,12,0
138,20,52,3,38,4,3,12,32,16,29,53,7,9,8,1
108,20,20,3,38,4,3,12,33,16,30,21,7,9,8,0
157,20,57,4,4,4,41,13,41,15,31,59,8,12,10,2
111,20,19,5,38,5,3,12,36,16,30,20,8,9,8,0
158,24,53,5,3,5,4,15,43,19,35,55,8,12,10,1
116,18,20,5,38,4,3,17,41,15,28,21,8,14,9,0
114,26,18,4,37,4,2,12,34,21,36,20,8,9,9,0
103,18,18,4,37,3,2,11,32,15,27,20,8,8,8,0
110,20,20,4,3,4,3,11,35,17,29,22,8,8,8,0
106,20,18,4,2,4,2,12,33,16,30,19,8,8,8,0
123,19,23,5,3,4,4,15,39,16,30,25,10,10,10,0
117,20,20,4,3,5,3,14,37,16,31,22,7,10,9,0
142,24,24,5,4,6,4,16,47,19,38,27,11,12,12,0
105,18,18,4,37,4,3,13,33,14,28,20,8,9,8,0
112,21,23,4,38,3,4,13,32,16,33,24,7,9,7,0
119,24,19,5,37,4,3,13,35,15,40,20,8,10,8,0
123,28,19,5,3,4,3,13,40,20,39,20,7,10,8,0
155,24,27,15,3,5,5,16,57,20,39,29,11,13,10,0
105,19,18,4,38,4,3,12,35,15,28,19,8,10,9,0
103,18,18,4,37,4,2,13,32,15,28,20,6,9,7,0
142,18,53,4,38,4,3,13,35,15,28,54,8,9,9,1
141,23,25,4,4,5,4,14,42,19,43,28,11,11,11,0
117,20,24,5,3,4,3,12,37,16,30,26,8,9,8,0
145,24,29,6,4,6,6,14,46,18,38,33,12,12,12,0
105,17,19,4,38,4,3,11,36,15,27,21,8,11,9,0
103,19,19,4,2,3,3,12,31,15,29,20,7,9,8,0
145,19,57,5,3,4,41,12,34,15,28,59,7,9,8,2
103,19,19,4,2,4,3,12,32,15,27,21,8,8,8,0
110,18,19,4,2,4,3,13,35,15,27,21,7,10,9,0
145,25,26,4,4,6,4,15,45,22,42,29,11,12,11,0
102,17,19,4,37,5,3,13,33,14,26,20,7,8,9,0
101,18,18,4,3,4,3,12,31,15,27,20,8,8,8,0
102,18,18,4,2,3,3,12,32,14,28,19,7,8,8,0
108,20,18,5,3,5,3,12,36,16,29,20,8,10,8,0
211,27,67,7,7,10,44,18,60,21,43,70,13,14,14,2
105,19,19,4,3,4,3,12,32,16,29,20,7,9,8,0
139,18,52,4,3,4,3,16,36,15,27,53,7,13,7,1
129,23,25,5,38,7,4,14,42,19,34,27,9,10,10,0
102,18,18,4,38,4,2,12,33,14,27,19,8,8,9,0
101,19,18,4,38,4,2,12,31,16,28,20,6,9,7,0
109,20,19,5,37,3,3,12,35,16,30,21,8,9,9,0
104,19,18,4,2,3,3,12,33,15,28,20,7,9,8,0
116,20,21,4,3,5,3,13,38,15,30,22,10,10,10,0
141,19,52,4,3,4,3,13,33,16,28,53,9,10,7,1
99,19,19,3,38,3,3,12,27,15,28,21,6,9,6,0
112,20,18,4,2,4,3,13,34,16,34,19,7,9,8,0
108,20,19,4,38,4,3,12,33,16,30,21,7,9,8,0
141,25,26,5,3,6,4,15,46,22,38,29,12,12,11,0
135,24,25,5,4,5,4,17,43,19,36,27,10,12,10,0
100,18,18,3,2,3,2,12,30,15,27,20,7,8,8,0
143,18,57,4,3,4,41,12,33,15,28,58,8,9,8,2
120,25,20,5,38,5,3,14,38,20,35,21,9,10,9,0
123,21,21,5,38,5,4,13,38,16,35,23,8,9,9,0
105,19,19,4,37,3,3,12,31,16,29,21,7,8,8,0
154,21,55,11,3,5,41,10,43,16,32,57,8,8,9,2
137,22,27,5,38,4,5,16,43,18,35,29,11,13,11,0
105,19,18,5,37,4,3,12,32,16,29,20,6,8,7,0
109,18,20,4,38,4,3,13,34,15,28,22,8,9,9,0
106,18,19,4,38,5,3,12,34,15,27,21,8,8,8,0
121,21,22,5,38,5,4,13,40,16,32,23,9,10,10,0
130,25,22,5,3,5,4,14,41,18,38,24,10,11,10,0
106,18,18,4,37,4,3,12,33,15,28,20,8,8,8,0
114,20,20,5,38,5,3,13,39,16,31,22,9,9,11,0
170,23,62,5,38,5,42,14,44,18,35,65,10,12,11,2
178,21,56,7,3,6,4,15,50,17,42,59,12,12,12,1
126,26,19,6,38,6,3,12,42,16,37,21,9,10,11,0
100,19,18,4,2,4,3,12,31,15,28,20,7,9,8,0
144,24,27,5,4,5,5,17,47,19,36,29,11,12,11,0
106,19,19,4,3,4,2,13,34,16,28,20,8,9,9,0
98,15,16,3,37,3,2,12,36,12,24,17,7,12,8,0
109,20,18,4,2,4,2,15,34,17,29,20,7,9,8,0
109,18,17,5,38,4,3,11,40,13,26,18,8,11,10,0
111,18,24,4,3,4,3,13,33,15,28,26,7,9,8,0
109,18,21,4,3,4,4,13,35,15,28,22,8,9,9,0
107,19,18,4,38,4,2,12,33,15,29,20,7,9,8,0
108,19,18,5,2,4,3,13,34,15,28,20,8,9,8,0
113,21,18,3,2,4,3,13,36,16,32,20,8,9,9,0
146,21,54,4,38,4,41,11,32,15,31,55,7,8,8,2
105,19,18,4,2,4,3,13,33,15,29,20,7,9,8,0
110,18,20,4,38,5,3,14,36,15,28,21,7,10,9,0
175,19,62,5,3,5,5,17,48,18,31,64,12,12,12,1
113,20,20,4,37,5,3,13,36,16,30,21,9,9,9,0
111,19,24,4,2,3,3,15,33,15,29,26,8,9,9,0
111,19,18,5,38,4,3,12,38,15,29,20,7,8,8,0
110,24,18,4,37,4,2,12,33,21,33,19,8,8,8,0
140,18,51,4,2,4,3,13,35,15,28,53,8,9,9,1
125,20,22,5,3,5,4,14,41,16,33,24,11,10,11,0
104,20,19,4,38,4,2,12,31,16,29,21,7,8,8,0
154,25,29,7,38,6,5,18,52,20,39,32,13,14,13,0
105,18,19,4,2,4,3,13,32,15,27,21,7,8,8,0
127,22,20,5,2,5,3,14,43,16,35,22,9,10,12,0
120,18,20,5,2,5,3,12,37,16,34,23,8,10,8,0
164,26,30,6,3,7,5,18,53,21,41,33,14,13,14,0
156,24,28,5,39,6,4,16,46,21,42,31,11,13,11,0
106,19,18,3,2,4,2,11,31,15,29,19,7,8,8,0
112,17,18,5,2,5,4,13,40,13,27,19,8,8,10,0
150,20,57,5,3,5,41,13,36,16,31,59,8,9,8,2
125,20,20,5,3,5,4,13,37,15,41,22,8,10,8,0
105,17,24,2,37,3,2,13,30,18,26,26,6,11,7,0
116,24,19,5,38,5,3,12,36,21,34,21,8,9,8,0
133,22,24,6,3,5,4,16,46,18,33,25,10,10,10,0
109,19,19,4,2,4,3,12,33,15,29,20,9,9,9,0
103,18,18,3,3,3,2,12,33,15,27,20,7,8,7,0
161,28,57,4,38,5,42,11,38,16,39,59,8,10,9,2
106,19,19,4,37,3,3,12,32,16,30,21,8,9,7,0
111,19,20,4,3,5,3,12,39,17,27,21,7,9,8,0
110,20,19,4,37,4,3,12,33,17,33,20,7,8,8,0
151,34,27,5,38,6,5,15,45,20,48,29,11,12,11,0
102,19,18,4,3,4,2,11,31,15,28,20,8,8,8,0
134,18,56,3,37,4,40,11,29,14,26,57,7,8,7,2
108,20,19,4,37,4,3,13,34,16,30,20,8,10,8,0
107,19,18,4,37,4,3,14,33,15,29,20,7,9,7,0
165,20,61,6,38,4,42,16,42,16,32,63,10,12,10,2
134,18,47,4,2,4,2,12,34,14,27,49,7,9,8,1
113,19,19,4,3,5,3,12,41,15,29,21,8,9,9,0
106,19,19,4,2,4,3,12,32,16,28,21,8,8,8,0
104,18,20,4,3,3,3,14,30,15,27,21,7,8,7,0
108,16,19,4,38,4,4,12,39,13,24,21,7,9,13,0
108,19,19,4,3,5,3,13,35,15,29,20,7,9,8,0
112,19,20,5,3,5,3,12,39,15,29,21,9,11,10,0
109,16,24,3,37,4,3,17,30,19,25,26,7,9,7,0
109,18,19,4,37,4,3,12,34,14,31,21,8,9,9,0
119,20,20,5,4,4,3,13,40,16,31,22,10,11,10,0
137,17,56,4,38,4,41,10,33,13,27,58,8,9,8,2
152,26,26,7,3,7,4,17,51,21,39,29,10,14,12,0
105,18,18,4,37,4,3,12,33,15,28,20,7,9,8,0
140,21,51,4,2,4,3,13,33,16,31,52,8,9,8,1
117,19,25,4,38,5,3,16,37,16,29,26,7,12,7,0
103,18,18,4,37,4,3,12,32,15,28,19,8,9,8,0
107,17,20,4,3,4,3,12,35,15,27,21,8,10,8,0
112,18,19,7,38,4,3,12,39,15,28,20,7,9,10,0
112,18,21,4,3,5,3,13,37,15,28,22,8,9,9,0
112,19,23,5,38,5,3,12,35,15,28,25,7,9,8,0
103,18,20,4,2,4,3,12,29,15,28,22,7,8,7,0
122,25,22,4,4,5,3,11,39,22,37,24,9,9,10,0
111,20,21,4,38,4,3,12,30,16,30,27,7,8,8,0
145,24,26,6,38,6,4,13,53,20,37,28,13,11,14,0
110,19,20,4,2,4,3,13,34,16,29,22,8,9,9,0
112,19,21,4,38,4,4,12,35,15,29,23,9,9,9,0
105,19,19,4,2,5,3,12,34,15,27,20,8,9,8,0
113,20,19,4,38,5,3,13,34,15,33,21,7,8,8,0
112,19,19,4,3,4,3,14,36,16,29,21,7,9,8,0
108,20,19,4,38,5,3,11,33,16,31,21,7,9,7,0
105,19,19,4,2,4,3,12,32,16,29,20,7,9,8,0
107,19,19,4,38,4,3,11,33,16,30,21,8,8,9,0
109,23,19,4,2,4,3,12,32,16,33,21,7,8,8,0
106,20,18,4,37,4,2,13,33,15,30,20,7,9,8,0
118,19,23,4,37,5,3,13,36,15,29,26,9,9,9,0
108,19,19,5,38,5,3,12,36,15,28,20,7,9,8,0
171,28,57,5,3,5,4,15,43,20,40,59,10,12,11,1
118,19,19,4,37,4,3,13,40,15,33,20,8,8,8,0
135,17,54,3,1,3,40,13,31,13,25,56,7,9,8,2
108,19,19,4,37,4,3,13,34,16,29,21,8,9,9,0
113,21,20,4,3,4,3,12,38,17,30,21,9,10,10,0
147,23,57,5,3,4,41,10,33,15,33,59,8,8,8,2
112,19,21,4,38,5,3,13,35,16,29,22,10,9,9,0
113,19,20,5,3,5,3,13,37,15,30,22,9,8,10,0
109,18,20,4,37,5,3,13,35,15,27,22,8,9,9,0
112,19,20,4,3,5,3,13,36,16,28,22,9,10,9,0
107,20,18,4,3,4,3,11,32,15,31,20,7,8,8,0
117,22,22,5,38,4,3,13,37,15,32,24,9,10,10,0
107,19,19,5,2,4,3,12,33,15,28,21,7,9,7,0
104,21,18,4,37,4,2,12,31,17,30,20,7,8,7,0
184,24,57,4,3,5,4,16,51,20,38,60,18,11,20,1
104,18,18,4,38,4,3,12,33,15,28,20,8,8,8,0
111,18,19,4,3,5,3,13,35,15,29,21,9,9,9,0
108,20,19,4,37,3,3,13,34,16,30,20,8,9,8,0
104,19,18,4,37,4,3,13,32,15,28,20,8,9,8,0
103,18,18,4,37,4,2,12,33,15,27,20,7,8,8,0
200,28,62,7,4,6,5,20,55,22,43,65,13,14,13,1
171,22,56,5,3,5,3,14,46,18,34,58,11,13,11,1
99,17,17,5,2,4,2,10,33,14,27,18,7,9,8,0
113,18,19,4,38,4,3,13,41,15,28,21,7,9,14,0
105,19,18,5,38,4,3,12,33,15,29,20,7,9,8,0
112,21,16,4,2,4,3,10,42,15,30,17,7,14,8,0
106,18,18,4,37,4,3,13,33,15,28,20,8,9,8,0
102,20,17,4,2,4,2,10,33,14,30,18,7,8,9,0
102,20,18,3,37,3,2,12,30,15,29,19,7,8,7,0
107,19,20,4,38,4,2,12,34,14,28,22,7,9,8,0
102,18,17,5,38,4,3,12,33,14,27,19,7,8,8,0
115,20,20,4,7,11,3,13,39,16,30,22,7,9,7,0
108,20,18,4,2,4,2,14,37,16,29,19,7,10,12,0
99,16,17,4,2,5,3,11,34,14,25,19,7,8,9,0
111,19,21,4,3,4,3,12,34,16,28,23,9,9,9,0
113,22,19,4,2,3,2,12,33,15,32,21,9,9,9,0
102,19,15,4,37,4,2,11,32,15,29,17,7,8,8,0
100,18,18,4,37,3,3,12,31,15,27,19,7,8,7,0
108,21,19,4,2,4,3,12,33,17,30,21,7,8,8,0
137,25,25,5,3,6,5,15,45,19,37,27,8,11,10,0
137,19,50,4,38,4,2,12,32,15,29,52,8,8,8,1
101,18,17,4,37,3,2,12,31,14,27,18,8,8,8,0
132,18,49,4,37,4,2,11,32,15,27,51,7,9,8,1
108,19,23,4,2,4,3,17,32,15,28,24,7,9,7,0
107,19,19,4,3,4,3,13,33,15,28,21,8,9,8,0
145,18,53,4,38,5,3,13,37,15,27,54,8,9,11,1
136,23,26,5,3,7,3,15,43,19,36,28,11,10,10,0
113,20,25,4,38,4,3,13,34,16,30,26,7,9,8,0
127,23,21,5,2,4,4,13,41,17,36,23,9,10,11,0
154,19,53,6,39,5,3,13,42,16,30,55,8,11,10,1
175,24,63,5,38,6,43,17,45,20,36,65,11,12,12,2
119,20,20,5,37,5,3,13,39,16,31,22,10,10,11,0
113,21,19,4,3,4,3,13,37,16,30,21,7,11,8,0
117,19,25,4,2,4,3,13,32,16,28,26,7,8,8,0
115,20,20,8,3,5,3,13,39,17,30,22,8,10,8,0
110,23,18,4,38,6,3,11,38,19,32,20,8,11,9,0
146,20,51,4,2,4,3,14,34,15,30,56,8,8,9,1
111,19,19,4,38,4,3,12,37,15,30,20,12,8,13,0
136,17,51,4,3,4,2,14,32,15,26,53,8,8,8,1
198,36,33,8,38,7,5,25,60,21,53,36,13,14,14,0
118,20,23,5,3,4,3,13,34,15,29,25,8,9,8,0
125,21,21,5,3,5,4,14,42,16,33,23,11,10,12,0
114,19,19,3,38,4,3,13,36,15,30,21,8,10,9,0
112,19,19,5,3,4,3,13,37,15,29,21,8,10,9,0
201,23,67,13,3,6,44,19,61,19,36,70,12,14,13,2
117,19,24,3,46,3,3,12,29,15,29,26,6,8,7,0
126,21,19,5,38,5,3,12,42,15,32,26,8,11,9,0
109,20,18,5,3,5,2,12,34,17,30,20,8,9,7,0
104,20,17,4,2,4,2,13,32,15,29,19,7,9,8,0
130,19,21,6,39,6,3,19,50,16,29,23,8,18,9,0
107,19,19,4,38,4,3,12,34,15,29,21,7,9,8,0
98,19,18,4,37,2,3,11,27,15,28,20,7,8,7,0
103,19,17,4,2,5,2,11,32,16,29,20,7,8,8,0
191,23,73,5,38,6,43,15,50,20,36,76,13,11,17,2
106,18,19,4,2,4,3,11,34,16,29,21,8,9,8,0
106,19,19,4,37,4,3,12,32,15,28,21,8,8,8,0
135,27,25,5,3,5,6,14,41,16,40,27,9,11,10,0
137,22,24,4,3,5,4,15,45,18,34,25,9,11,10,0
133,24,24,5,37,5,4,14,43,20,36,26,10,11,11,0
106,20,19,4,37,4,3,12,32,17,30,20,8,8,8,0
109,21,20,4,38,4,3,12,33,17,30,21,8,9,8,0
102,18,17,4,2,5,3,12,32,13,27,18,7,9,7,0
130,18,23,5,38,4,5,15,35,14,42,25,10,8,9,0
141,22,26,4,38,6,5,16,48,18,35,29,9,11,12,0
144,19,57,4,37,3,41,12,33,16,29,58,8,9,8,2
120,24,20,5,38,5,3,13,39,15,34,22,8,10,9,0
101,20,18,3,38,3,3,11,27,15,31,20,7,6,7,0
107,18,19,4,38,4,3,12,35,15,27,21,9,9,9,0
139,22,22,5,2,5,3,13,54,18,35,24,9,10,16,0
106,18,19,4,2,3,3,13,32,14,28,21,8,9,9,0
141,23,25,5,3,5,4,16,45,19,38,27,11,12,12,0
104,18,19,5,37,4,3,11,33,15,28,20,7,9,8,0
103,18,19,4,37,4,3,12,32,15,27,21,7,8,8,0
121,18,25,4,38,5,3,13,40,15,28,27,8,10,10,0
110,20,19,4,3,5,3,12,34,16,31,21,8,8,8,0
153,24,53,4,37,4,3,12,39,15,35,55,13,9,14,1
117,20,19,4,38,4,3,21,41,18,30,21,8,17,8,0
104,19,18,3,39,3,3,12,30,15,30,20,7,9,7,0
139,19,52,5,38,4,3,12,34,15,28,53,8,9,8,1
110,19,19,4,38,4,3,13,37,15,28,22,7,8,14,0
150,20,58,4,2,3,41,18,32,16,30,59,8,8,9,2
150,19,57,4,38,9,41,14,37,16,30,59,7,9,7,2
110,20,19,4,3,4,3,12,36,16,30,21,8,10,9,0
144,17,49,4,3,4,2,10,45,13,26,50,13,9,15,1
110,19,19,5,3,5,3,12,35,15,29,21,9,8,9,0
118,19,20,4,3,5,3,13,37,16,29,21,14,9,9,0
126,20,22,5,38,5,4,16,42,16,31,24,10,11,11,0
158,23,60,4,3,5,41,13,40,18,34,62,9,11,11,2
105,19,19,3,37,4,3,13,32,15,29,20,8,9,8,0
147,19,57,4,37,3,40,15,32,16,30,59,8,9,8,2
145,24,24,5,2,6,4,15,55,21,35,26,11,11,12,0
145,24,24,4,38,5,5,15,43,18,45,27,12,11,12,0
109,19,18,4,38,4,3,12,30,15,34,20,8,8,8,0
104,19,19,4,2,4,3,13,32,15,29,20,7,9,8,0
115,20,19,5,3,5,3,11,41,16,30,21,9,8,8,0
154,20,58,4,38,5,41,13,39,16,30,60,8,10,10,2
104,18,18,4,3,5,3,12,34,15,28,20,7,9,8,0
140,19,51,4,38,4,2,13,34,15,29,53,8,10,8,1
193,32,59,5,39,5,4,17,51,19,45,61,11,13,14,1
138,20,50,4,38,4,3,12,34,15,29,51,8,9,9,1
128,23,24,5,38,5,4,15,39,18,34,27,10,10,10,0
147,20,58,4,38,5,41,12,34,17,29,59,8,8,8,2
109,19,19,4,2,3,2,13,35,15,29,20,8,9,10,0
114,19,23,5,38,5,3,15,34,15,28,24,9,8,9,0
110,18,19,5,37,4,3,13,38,15,28,21,8,14,8,0
114,18,19,4,2,9,3,12,39,15,33,20,8,9,9,0
122,21,21,5,3,5,3,14,38,15,33,23,9,10,10,0
105,20,19,4,2,3,3,13,31,16,29,21,7,8,8,0
111,16,19,5,2,5,2,12,40,13,26,20,9,9,10,0
136,17,51,4,38,4,3,12,35,15,26,53,8,9,8,1
105,19,18,4,38,4,3,11,32,15,29,20,8,8,8,0
118,17,19,19,39,4,3,12,47,14,26,21,9,7,8,0
134,23,23,5,3,5,4,14,42,18,40,25,9,11,10,0
112,19,19,4,38,8,3,12,38,16,29,21,7,9,9,0
109,19,20,4,37,3,3,13,33,17,29,21,8,9,8,0
140,25,26,5,39,5,4,15,44,20,39,28,10,11,12,0
139,18,49,4,38,5,3,12,34,14,28,52,7,9,8,1
125,20,25,5,3,5,4,14,41,17,31,27,9,10,10,0
117,18,18,4,38,3,3,23,32,15,32,20,7,9,8,0
166,27,30,7,4,7,6,18,55,21,43,34,12,13,14,0
107,20,18,4,37,4,2,13,32,15,30,20,7,9,7,0
158,19,58,5,3,4,41,12,34,14,38,60,7,7,7,2
104,19,18,4,38,4,3,13,33,15,29,19,7,8,8,0
119,19,21,5,38,5,4,11,37,16,35,23,9,9,9,0
98,16,19,4,3,5,3,11,31,13,24,20,7,7,8,0
123,18,24,4,38,4,3,24,35,16,27,26,8,9,8,0
128,24,25,5,38,5,3,11,42,16,34,26,14,9,15,0
116,18,18,10,37,3,3,12,39,14,28,20,7,9,8,0
114,24,21,4,37,4,4,12,32,21,35,23,9,8,9,0
107,19,19,4,38,4,3,12,33,16,28,22,7,9,8,0
137,25,22,5,38,5,4,14,44,20,38,25,11,11,12,0
103,19,19,4,2,4,3,12,31,15,29,20,7,8,8,0
108,18,18,4,2,4,2,13,36,15,28,20,7,9,8,0
133,23,24,5,38,6,4,15,44,18,35,26,10,11,12,0
163,26,30,7,4,7,5,17,54,20,41,33,13,14,13,0
165,21,59,5,3,6,4,13,46,18,33,61,11,13,11,1
116,25,20,5,3,4,3,13,35,22,35,21,9,9,9,0
123,22,19,5,38,5,3,15,41,15,34,21,9,11,10,0
103,18,19,4,3,3,3,12,31,15,28,20,8,9,8,0
110,19,18,4,38,5,3,12,34,15,28,20,8,9,8,0
102,18,17,4,2,4,2,12,33,14,27,19,8,9,8,0
172,19,60,5,38,5,42,15,43,15,37,62,10,13,10,2
134,18,51,4,37,4,2,12,32,15,28,52,7,8,8,1
109,21,20,4,38,4,3,12,32,18,30,22,9,8,8,0
99,16,20,4,38,5,3,11,31,14,24,21,8,7,8,0
110,19,17,4,38,5,3,17,33,14,30,18,7,8,8,0
117,20,20,5,38,4,3,13,35,16,31,21,8,9,9,0
122,20,21,5,3,5,3,13,39,16,33,23,8,10,9,0
112,19,20,5,39,5,3,12,37,15,28,22,8,10,9,0
104,19,18,4,3,4,3,12,32,15,28,20,7,8,8,0
133,16,58,3,37,3,41,12,28,14,24,59,7,6,7,2
110,23,19,3,38,5,3,13,34,15,33,21,8,9,8,0
105,17,20,4,3,5,3,12,33,14,27,21,8,9,8,0
116,18,22,4,3,5,3,13,38,17,28,23,9,10,10,0
110,19,19,4,37,4,2,12,38,16,28,20,7,8,13,0
119,20,22,4,38,4,3,14,35,15,32,24,10,9,9,0
117,20,24,4,3,5,3,13,37,15,30,26,14,9,9,0
127,20,21,5,4,4,3,16,40,15,33,23,10,10,11,0
155,20,59,6,3,5,41,13,39,16,30,61,10,9,10,2
106,15,20,5,3,4,3,9,39,13,24,22,8,8,14,0
106,19,19,4,38,4,3,12,33,15,28,20,8,9,8,0
111,19,19,4,3,5,3,12,35,15,31,21,9,8,9,0
132,23,25,5,37,5,4,14,43,19,36,27,11,12,11,0
153,26,27,6,3,6,4,16,50,21,40,29,12,13,12,0
117,19,17,3,37,5,2,12,44,15,31,18,19,8,20,0
115,19,20,5,38,5,3,12,37,15,29,21,8,10,8,0
122,27,20,4,38,4,4,14,37,17,38,22,8,10,9,0
109,19,18,4,2,4,3,11,38,15,28,20,7,8,13,0
103,19,18,4,37,4,2,12,33,16,28,20,9,9,9,0
109,19,18,4,3,5,2,12,35,16,30,20,8,8,9,0
106,20,20,4,2,4,3,12,31,17,30,22,7,8,7,0
112,20,18,4,2,4,3,13,34,15,34,20,8,9,9,0
135,19,51,4,37,3,3,12,32,16,28,53,7,8,8,1
106,18,18,4,41,4,2,12,32,15,27,20,7,8,7,0
109,18,20,4,38,5,3,15,34,15,28,21,8,9,8,0
140,24,27,6,39,6,6,15,44,19,37,30,10,12,10,0
139,22,22,6,38,5,3,16,45,17,36,24,11,12,12,0
103,18,19,4,2,3,2,12,30,15,27,23,7,8,7,0
106,19,18,4,38,3,3,12,31,15,33,19,7,9,8,0
105,19,19,4,38,4,3,12,32,16,29,20,6,8,8,0
102,18,18,5,38,3,3,12,32,14,27,19,7,9,8,0
106,19,19,4,2,4,3,13,33,15,28,20,8,9,8,0
138,17,51,5,3,5,3,12,36,14,27,53,8,9,9,1
132,19,26,5,3,5,5,20,43,15,30,28,10,12,11,0
104,22,17,4,3,3,2,13,31,15,32,19,8,9,8,0
100,17,19,4,3,3,2,13,32,14,25,21,8,9,8,0
155,20,58,5,38,4,42,13,38,15,31,60,9,10,10,2
143,24,34,5,39,6,13,15,43,19,37,36,10,11,10,0
107,19,19,4,37,4,3,14,34,15,28,20,7,10,8,0
111,19,19,4,6,5,3,13,37,16,29,21,8,10,9,0
162,24,52,5,38,5,3,13,45,15,38,54,10,17,10,1
106,19,19,4,38,5,3,12,35,15,28,20,8,9,8,0
108,18,21,4,38,4,4,13,34,15,28,22,7,9,8,0
116,19,19,4,38,4,3,12,43,15,29,20,7,12,8,0
113,20,21,4,2,3,3,15,33,17,31,23,7,9,8,0
122,19,19,4,37,4,2,13,34,15,34,20,8,9,8,0
156,25,25,7,38,6,5,17,50,19,47,28,13,12,13,0
111,19,21,4,38,4,3,14,33,16,29,23,8,8,9,0
111,19,20,4,38,5,3,12,36,16,29,22,8,9,9,0
107,19,19,4,37,4,2,14,34,15,28,21,8,9,8,0
123,20,20,5,38,5,4,14,39,16,31,22,8,11,9,0
145,18,50,5,38,4,3,13,35,15,32,51,7,9,8,1
107,17,19,4,38,4,3,14,32,14,27,20,7,8,8,0
115,18,28,5,37,3,11,13,33,14,28,29,9,9,9,0
111,19,19,4,2,3,3,13,31,15,28,21,7,8,8,0
138,20,51,4,3,3,3,12,32,16,30,53,8,9,8,1
162,33,28,6,38,5,4,17,45,18,45,32,12,11,12,0
114,18,21,4,3,4,3,13,37,15,29,23,9,9,9,0
110,19,19,4,3,4,3,14,35,16,28,21,8,9,8,0
103,18,18,4,38,5,3,11,33,15,27,20,8,8,8,0
106,19,19,4,37,3,3,12,32,16,29,21,7,9,8,0
117,18,18,15,37,4,3,11,48,15,27,20,12,9,12,0
103,18,19,4,37,3,3,11,31,16,28,21,7,8,8,0
108,19,20,4,3,4,3,13,33,15,28,22,9,9,9,0
114,18,21,5,3,5,4,12,37,15,29,23,10,9,10,0
111,19,19,4,3,4,3,12,38,16,29,21,8,9,8,0
131,29,21,5,2,5,3,12,39,25,41,22,8,10,10,0
104,19,20,4,3,4,3,12,33,15,28,21,8,9,8,0
104,20,18,3,2,3,2,12,30,15,31,19,8,8,8,0
107,18,19,4,3,4,3,14,33,15,28,21,7,8,8,0
103,19,19,4,38,4,3,12,31,15,28,20,7,8,7,0
111,18,20,5,38,4,3,14,36,15,27,22,8,11,8,0
135,23,23,5,38,5,4,14,45,19,36,25,10,12,11,0
107,19,19,4,37,4,3,14,33,16,28,20,7,10,7,0
141,18,57,3,37,3,41,11,31,15,27,59,8,9,8,2
111,19,20,4,38,5,3,13,36,16,28,22,9,9,10,0
147,19,50,4,43,4,3,18,43,15,29,52,6,14,7,1
106,21,17,5,2,4,2,12,34,16,30,18,7,9,8,0
126,21,20,5,39,5,3,14,43,15,34,22,11,11,11,0
140,20,56,4,2,4,41,12,31,15,29,57,7,8,7,2
106,19,18,5,2,4,3,12,35,15,28,19,7,9,8,0
141,21,55,3,2,4,2,12,31,16,31,56,8,9,8,1
113,18,24,3,3,5,3,12,32,15,32,26,8,8,7,0
123,26,22,3,37,3,3,12,38,17,36,24,7,9,8,0
157,26,27,7,38,6,5,18,49,20,40,30,12,13,12,0
170,22,58,6,3,5,5,20,42,18,34,60,11,11,10,1
140,18,54,5,37,4,3,13,33,15,28,55,7,9,8,1
106,18,20,5,2,4,2,12,34,15,27,21,7,9,8,0
107,19,18,5,38,4,3,12,34,16,29,20,8,9,8,0
106,18,17,4,2,4,2,12,37,15,27,19,7,14,8,0
107,19,21,5,37,4,3,13,32,16,29,22,8,8,8,0
106,19,19,4,37,4,3,14,33,16,28,21,8,9,8,0
106,18,20,4,3,5,3,12,34,14,27,21,8,9,8,0
103,17,19,3,38,5,3,13,33,13,26,21,7,9,8,0
143,18,57,4,2,3,41,12,33,15,28,58,7,9,8,2
110,22,19,5,3,4,2,13,34,17,32,20,7,9,8,0
154,26,29,6,4,6,4,16,50,21,40,32,12,12,13,0
111,20,20,4,39,5,3,13,36,16,30,21,9,9,9,0
110,19,19,4,37,4,3,12,30,15,29,21,7,8,7,0
99,18,16,4,37,3,2,11,32,14,27,17,7,8,8,0
118,19,20,5,38,5,3,13,38,15,34,21,8,9,9,0
115,23,19,4,2,3,2,12,38,15,33,20,13,9,14,0
103,18,19,4,2,4,2,12,32,15,28,20,7,9,8,0
105,19,19,3,2,4,3,12,32,16,29,20,8,9,8,0
108,18,20,4,3,4,3,11,34,15,29,21,8,8,9,0
111,20,20,5,38,4,3,13,36,16,29,21,8,10,9,0
181,24,61,6,4,5,4,17,46,19,38,63,13,10,12,1
116,25,20,4,3,5,3,13,37,14,33,22,9,9,11,0
133,23,23,5,3,6,3,14,43,20,37,26,10,11,11,0
160,22,60,5,3,5,42,13,39,18,33,62,9,10,9,2
172,28,28,7,4,6,5,18,55,20,51,31,13,14,13,0
138,19,51,4,38,4,3,12,32,16,29,53,7,8,7,1
102,18,17,4,37,4,3,12,31,15,28,19,7,8,7,0
104,18,17,4,2,5,2,11,33,15,28,19,6,8,7,0
102,16,20,4,3,3,3,12,30,14,24,21,8,8,8,0
105,19,18,4,2,4,3,12,33,16,28,20,7,9,8,0
105,19,19,4,2,4,3,13,33,16,29,20,7,9,8,0
160,31,28,5,4,5,4,16,50,21,45,30,13,13,13,0
105,18,21,4,37,3,3,12,32,15,27,22,8,9,8,0
109,19,18,4,38,4,3,12,34,15,31,20,7,9,8,0
105,19,22,4,38,4,2,12,31,15,27,24,7,8,8,0
114,19,19,5,38,4,3,12,39,16,30,21,8,9,12,0
123,21,21,5,38,5,3,14,43,16,32,23,11,11,11,0
115,19,24,4,2,5,3,17,37,15,28,25,9,9,10,0
116,19,20,5,4,5,3,14,39,15,29,22,9,9,9,0
111,18,19,5,38,4,3,13,40,15,28,20,13,9,14,0
116,20,19,5,3,5,3,12,40,16,30,21,8,9,13,0
105,19,19,4,38,5,3,12,34,15,28,21,8,8,8,0
112,20,19,4,37,4,3,12,36,16,31,20,9,10,9,0
105,17,18,4,38,4,3,13,33,15,26,20,8,9,8,0
106,21,19,4,38,3,3,13,32,16,31,21,7,9,8,0
112,20,21,4,38,4,3,14,32,16,30,24,8,9,8,0
101,18,19,4,3,3,3,12,31,15,27,20,8,9,8,0
105,19,19,4,2,5,3,12,33,15,29,20,7,8,8,0
146,21,24,5,4,4,4,14,54,17,34,27,10,27,9,0
133,22,22,6,39,6,3,13,46,17,36,24,10,11,12,0
106,20,19,4,37,4,2,12,31,16,31,21,8,8,8,0
118,19,21,5,3,5,3,13,39,16,30,23,9,10,10,0
150,24,55,4,3,4,40,13,34,17,33,57,8,10,8,2
112,19,19,4,3,5,3,17,35,15,29,21,8,9,9,0
98,23,13,4,2,4,2,12,30,18,31,14,6,8,7,0
103,20,18,4,38,3,3,12,29,16,31,19,6,8,6,0
105,16,21,4,2,4,3,12,33,15,25,24,7,8,9,0
120,19,20,5,38,5,3,16,43,15,29,22,9,14,11,0
125,20,16,5,38,6,3,13,43,14,30,17,8,11,11,0
108,16,18,4,2,5,2,16,36,13,25,20,8,9,9,0
107,20,19,4,37,3,3,14,32,16,29,21,7,9,8,0
102,18,16,5,3,4,2,14,33,13,27,17,9,8,9,0
103,18,19,4,38,4,3,12,33,15,26,20,8,7,9,0
104,19,19,4,3,4,3,11,31,16,30,21,8,9,7,0
115,20,20,5,38,5,3,12,38,15,29,22,10,9,11,0
108,18,24,4,38,4,3,12,31,15,28,25,8,8,8,0
111,24,18,5,2,4,3,13,33,15,34,20,7,9,7,0
100,18,17,4,3,4,2,12,31,15,27,19,7,8,8,0
111,18,19,5,38,5,3,12,39,15,29,20,8,10,9,0
100,19,17,4,37,4,2,11,31,15,28,19,7,8,8,0
110,16,20,4,3,4,2,15,38,14,25,22,7,14,8,0
115,19,21,4,3,5,3,13,36,15,29,23,10,8,10,0
158,19,55,4,38,5,3,13,37,16,38,56,8,9,9,1
108,19,19,4,38,4,3,13,34,15,30,21,8,10,8,0
119,21,21,4,2,4,3,10,44,15,30,22,9,9,16,0
111,19,19,4,3,5,3,12,37,15,28,21,9,9,9,0
107,20,20,3,2,5,3,13,34,15,29,21,8,9,9,0
106,18,19,3,39,4,3,13,32,14,28,22,8,9,9,0
154,19,58,6,38,5,41,12,41,15,31,60,8,9,10,2
102,18,17,4,2,4,3,13,31,15,28,19,7,8,8,0
112,18,20,5,37,4,3,16,42,15,27,21,8,14,9,0
139,19,50,4,38,5,2,13,34,16,29,52,8,9,8,1
111,20,21,4,3,4,3,13,35,16,30,22,8,9,8,0
106,20,19,4,37,3,3,13,31,16,29,20,8,9,8,0
175,25,57,5,39,5,4,14,47,21,37,59,10,10,16,1
143,18,51,4,2,4,3,12,38,14,28,53,8,10,10,1
114,19,20,4,2,5,3,13,39,16,29,22,8,10,10,0
150,19,54,4,38,4,3,13,37,17,31,56,9,10,10,1
150,29,26,7,39,6,4,14,48,20,44,29,12,12,12,0
110,18,24,4,38,4,3,14,32,15,28,26,8,9,9,0
107,19,18,4,3,3,2,12,32,15,33,19,7,9,9,0
137,27,22,5,3,6,4,13,44,17,41,25,10,11,11,0
107,19,19,4,3,4,3,12,35,15,28,20,8,9,9,0
107,19,18,4,38,4,3,13,34,15,29,20,8,9,8,0
115,18,27,4,38,5,3,14,35,15,28,29,8,9,8,0
133,21,23,5,3,6,4,16,43,17,35,25,10,11,10,0
111,19,19,4,2,4,3,12,37,16,29,21,7,8,7,0
111,24,18,4,38,4,3,13,33,16,34,19,7,9,8,0
99,17,19,5,37,4,2,12,31,14,24,21,8,7,8,0
109,19,19,4,3,4,3,13,36,16,30,21,8,10,9,0
115,18,17,3,2,4,2,12,41,14,30,19,19,8,20,0
99,18,19,4,37,3,3,11,30,14,26,21,7,8,7,0
103,19,17,4,2,5,3,13,33,14,27,18,7,9,8,0
139,19,51,4,3,5,3,12,34,15,29,53,9,8,8,1
137,18,58,3,37,4,40,12,29,15,27,59,7,8,8,2
162,26,28,6,3,6,4,17,50,21,41,31,12,13,12,0
183,27,66,4,37,7,44,14,44,18,41,68,12,12,12,2
112,20,20,4,38,5,3,13,37,16,29,21,9,10,9,0
107,18,18,4,43,4,3,15,34,15,28,19,8,10,8,0
111,23,19,5,37,4,3,13,34,20,32,21,8,9,8,0
133,23,23,5,39,5,4,15,44,18,37,25,11,11,12,0
145,24,53,4,2,4,3,14,33,21,35,54,8,9,8,1
118,23,19,4,38,4,3,18,35,17,33,21,8,9,8,0
103,19,18,4,37,3,3,12,31,15,29,20,7,8,8,0
140,17,57,5,2,3,41,13,32,14,26,58,7,9,8,2
145,23,53,4,2,5,3,12,33,16,34,55,9,8,9,1
112,19,19,4,3,4,3,19,34,16,29,20,8,10,8,0
140,19,51,4,2,4,3,14,31,15,33,53,7,9,8,1
105,19,19,4,3,3,3,13,32,16,29,20,8,9,8,0
108,18,18,4,38,4,3,13,37,15,28,20,8,10,9,0
123,19,21,6,3,5,2,14,43,15,31,24,9,12,11,0
106,19,18,5,38,4,3,12,35,15,28,19,7,9,9,0
154,20,58,4,38,5,2,13,40,17,30,60,9,10,11,1
142,23,27,6,3,6,5,16,43,18,37,30,10,11,10,0
144,18,51,7,37,4,3,13,40,15,28,53,8,9,8,1
191,23,65,5,2,6,43,14,41,18,37,68,11,10,11,2
111,21,19,5,38,4,3,13,35,17,31,20,8,9,9,0
135,19,25,4,39,5,7,13,49,15,33,27,9,10,20,0
124,19,21,5,2,4,4,13,40,15,30,23,10,9,10,0
146,18,58,4,3,4,3,12,34,16,28,60,9,9,8,1
100,15,19,5,2,4,3,12,33,13,23,21,8,8,8,0
114,19,19,4,38,9,3,12,40,16,29,21,8,10,9,0
109,19,18,4,3,5,3,13,36,15,28,20,8,8,8,0
148,19,58,4,38,5,41,13,35,16,29,59,8,9,9,2
174,21,59,7,38,5,4,17,49,18,33,62,11,13,12,1
114,19,20,5,38,5,3,14,38,16,29,22,9,10,10,0
119,17,22,6,38,4,4,12,38,15,27,24,15,9,9,0
109,19,20,4,37,5,2,12,35,16,28,21,8,9,10,0
127,21,22,5,3,5,4,15,43,16,33,24,10,12,11,0
142,21,48,4,2,5,3,10,35,12,32,49,8,10,8,1
98,17,16,4,3,4,3,10,34,12,26,18,7,8,9,0
99,17,18,4,38,3,3,12,29,14,26,20,9,8,7,0
112,20,18,4,2,4,3,12,34,16,35,20,8,9,9,0
108,20,19,5,38,4,3,12,35,15,29,20,8,9,8,0
138,25,28,4,38,5,5,16,38,19,37,30,11,10,10,0
104,18,18,4,38,4,3,13,32,15,28,20,7,9,8,0
195,30,64,6,3,6,42,18,53,25,43,67,11,14,12,2
114,18,20,4,38,4,3,11,40,15,28,22,8,12,10,0
101,19,18,3,2,3,2,12,29,15,28,20,7,8,8,0
107,20,19,5,3,5,3,12,35,16,29,21,8,9,8,0
107,19,20,5,3,4,3,12,32,17,29,22,8,8,8,0
103,19,18,4,3,4,3,12,32,14,28,19,8,8,8,0
116,19,20,4,3,4,4,13,37,15,30,23,9,9,10,0
157,26,29,7,38,6,5,19,52,22,40,31,13,12,14,0
109,20,19,5,37,5,3,13,34,16,29,21,8,9,8,0
142,19,52,4,38,5,3,12,35,15,29,53,8,9,9,1
144,24,25,5,3,6,4,16,48,19,38,27,11,11,13,0
111,19,24,5,2,4,3,14,34,15,28,25,8,9,8,0
108,23,18,5,37,4,3,12,32,15,33,20,7,9,7,0
143,19,56,4,3,4,41,11,32,15,29,58,8,8,8,2
168,27,29,7,4,6,5,20,56,21,41,32,14,15,15,0
104,18,18,4,2,5,3,12,34,15,28,20,8,9,8,0
116,19,20,5,3,5,3,12,39,15,29,22,8,9,9,0
113,24,17,4,1,4,2,11,37,15,34,19,9,10,10,0
144,20,57,3,3,4,41,12,32,16,30,58,8,8,8,2
127,20,22,6,3,5,3,13,41,16,35,24,9,11,10,0
198,27,62,7,4,7,5,18,55,21,42,65,13,14,14,1
146,24,31,5,39,7,4,23,47,17,36,33,12,12,11,0
108,19,19,4,2,3,3,13,37,15,29,20,8,14,8,0
120,20,25,5,3,5,3,13,39,20,30,26,9,10,10,0
118,18,40,3,2,3,2,12,26,14,26,42,6,7,7,0
146,22,24,4,38,6,5,15,56,17,34,26,10,11,25,0
113,18,18,5,37,5,3,13,41,14,27,20,8,11,10,0
119,19,19,4,38,5,3,12,36,16,33,21,8,9,9,0
123,19,21,4,38,5,3,13,38,16,30,23,7,10,9,0
108,18,25,3,3,4,2,12,32,23,27,27,7,9,8,0
112,18,19,5,3,5,3,13,38,14,27,21,10,10,10,0
105,20,18,5,38,4,3,12,33,16,29,20,8,9,8,0
107,19,19,4,3,4,3,13,33,15,29,20,8,9,8,0
131,27,21,6,38,5,3,15,43,22,38,24,9,11,10,0
149,18,66,3,3,4,40,13,30,15,27,68,18,8,7,2
139,24,25,5,3,6,3,14,46,19,37,27,11,12,11,0
139,18,52,4,38,4,3,13,33,15,28,54,8,8,8,1
123,20,21,5,38,5,3,16,41,15,32,23,10,11,10,0
113,20,19,4,3,5,3,13,34,16,32,21,8,8,8,0
112,24,18,5,3,4,3,13,35,15,34,19,7,9,8,0
111,24,19,4,2,4,3,13,32,16,34,20,7,9,8,0
134,19,50,4,2,4,3,12,32,15,29,51,7,8,8,1
150,24,26,6,4,4,3,18,48,20,40,29,12,12,13,0
107,20,18,4,2,4,3,13,34,15,30,20,7,10,9,0
166,21,59,5,38,5,42,16,43,16,33,60,11,12,11,2
95,15,20,3,37,4,3,11,27,14,24,22,7,7,6,0
117,21,19,4,3,5,3,13,38,16,31,21,9,10,9,0
157,26,27,7,38,6,4,18,55,20,40,29,13,15,13,0
140,23,27,6,3,5,6,17,46,19,36,29,11,12,12,0
107,18,18,4,37,3,2,13,37,15,28,20,7,10,8,0
148,19,58,4,37,5,41,12,36,15,29,59,8,9,9,2
130,21,21,5,38,5,3,16,43,16,34,23,10,10,11,0
113,20,18,4,2,8,2,12,38,16,30,20,9,9,9,0
105,20,18,4,3,4,2,12,33,15,30,20,7,9,8,0
109,19,19,4,38,4,3,18,36,15,28,20,8,14,7,0
106,20,15,4,2,3,2,9,32,18,40,16,7,9,9,0
99,17,15,6,2,5,2,9,38,12,27,16,9,8,11,0
150,31,26,6,4,6,5,16,45,20,47,28,10,11,11,0
98,15,20,4,38,4,3,12,31,14,22,22,8,8,7,0
117,21,19,5,3,4,3,12,42,17,30,21,8,9,10,0
105,19,19,4,3,4,3,13,33,15,29,20,7,9,7,0
109,18,19,4,37,4,3,14,37,15,27,21,7,11,8,0
139,20,51,4,3,4,3,12,33,16,31,52,8,9,8,1
107,18,23,4,37,4,3,11,31,15,28,25,7,8,8,0
102,19,18,4,2,4,3,12,32,15,28,19,7,8,8,0
114,19,20,4,38,5,3,13,37,16,29,22,9,10,10,0
174,28,29,7,4,7,5,18,54,21,43,32,13,14,13,0
106,16,17,4,3,4,3,11,29,14,36,18,6,7,7,0
173,24,30,13,3,6,6,16,65,18,38,35,9,14,12,0
148,19,57,4,38,3,41,12,31,15,32,58,7,8,8,2
172,27,30,7,4,6,5,20,57,22,42,33,14,16,14,0
176,23,62,5,38,6,42,15,49,19,36,64,12,13,14,2
103,17,19,4,38,4,3,12,35,14,25,20,8,9,9,0
131,24,23,5,38,4,4,15,41,19,37,25,11,11,11,0
154,18,57,5,38,4,41,11,45,15,26,59,9,9,10,2
117,17,27,4,3,4,4,12,37,15,27,29,7,12,8,0
127,44,20,4,37,3,3,13,31,14,52,21,7,11,7,0
152,19,57,5,2,4,41,13,37,15,33,59,8,11,9,2
112,18,21,5,38,5,3,13,36,15,28,23,10,9,9,0
141,18,51,5,2,3,3,18,33,14,27,53,7,9,8,1
105,18,19,3,37,3,3,11,33,16,27,20,8,9,9,0
146,20,57,5,38,3,41,12,34,16,30,60,8,9,8,2
113,19,20,5,3,4,3,12,35,15,30,22,8,9,9,0
106,19,19,4,2,3,2,14,31,15,29,21,7,9,8,0
104,19,19,4,37,3,3,12,32,16,29,20,7,9,9,0
107,18,20,4,3,4,3,12,33,15,28,22,7,8,8,0
106,19,19,4,37,4,3,13,33,15,28,21,8,9,8,0
147,26,25,6,3,7,4,16,49,20,40,27,11,12,12,0
108,22,19,4,38,4,2,12,33,16,31,20,9,8,9,0
103,19,18,4,3,4,3,12,32,16,29,19,7,8,8,0
110,24,18,4,38,4,3,12,33,15,33,20,7,9,8,0
208,33,63,7,38,6,5,15,53,21,47,66,12,14,13,1
104,23,17,3,2,4,2,13,30,14,32,19,7,9,7,0
143,28,24,10,38,5,4,15,48,20,40,26,10,11,11,0
135,18,38,4,2,4,12,13,42,14,28,41,8,18,8,0
167,33,31,8,4,6,5,16,51,27,48,34,11,12,12,0
103,18,18,4,3,4,3,11,34,15,27,20,7,9,8,0
192,24,59,4,4,6,5,17,44,18,56,61,10,13,11,1
170,26,28,7,39,6,4,20,58,20,42,31,13,15,15,0
132,20,21,5,38,5,3,14,42,15,41,23,10,10,11,0
145,18,57,4,37,4,41,13,33,15,28,58,8,9,8,2
142,22,35,6,38,5,3,15,43,17,34,37,10,11,10,0
104,17,19,4,38,5,3,12,34,14,26,20,9,8,9,0
116,19,21,5,3,5,4,12,39,15,29,23,9,9,10,0
105,18,18,4,38,4,2,14,33,15,28,20,7,10,8,0
101,18,18,4,37,3,3,12,31,15,27,20,7,8,7,0
169,32,60,4,3,4,42,13,36,19,45,62,10,10,10,2
105,19,19,4,3,4,3,13,33,15,28,20,7,9,8,0
109,19,18,3,37,4,2,13,33,16,31,21,8,9,9,0
125,20,22,5,38,4,4,15,41,16,32,23,10,11,10,0
108,19,20,4,38,3,3,11,34,15,29,21,8,9,9,0
112,19,19,4,3,4,3,14,36,16,29,21,8,10,8,0
146,20,56,4,37,4,41,13,35,16,29,58,8,10,8,2
167,20,55,6,3,5,3,16,48,17,32,58,9,11,10,1
113,18,19,4,3,4,3,12,34,15,27,21,9,8,9,0
113,18,24,6,38,4,3,12,37,19,27,25,9,9,9,0
95,17,18,4,37,3,3,12,27,14,25,20,6,9,5,0
111,19,19,4,3,4,2,12,37,15,29,21,8,9,9,0
198,26,67,7,3,6,4,17,54,20,40,69,21,13,14,1
106,19,18,4,38,4,3,13,33,15,28,20,8,9,8,0
155,19,57,6,38,5,42,13,42,15,30,59,8,11,10,2
95,15,16,5,37,4,3,10,37,12,22,17,7,8,8,0
119,19,33,4,37,4,12,12,32,16,29,35,7,8,8,0
120,19,21,5,3,5,3,13,37,15,29,23,7,10,9,0
99,20,20,3,3,3,3,11,26,16,29,21,7,6,6,0
119,20,20,5,39,6,4,12,41,16,30,22,8,11,10,0
158,20,59,5,38,4,41,12,40,17,32,61,10,10,11,2
125,20,22,5,3,5,4,14,42,15,32,24,10,10,10,0
148,19,58,4,3,4,41,15,36,16,29,59,8,11,9,2
105,18,18,5,38,5,3,12,35,15,27,20,8,9,8,0
110,23,18,5,3,5,2,11,35,15,32,20,8,10,8,0
105,19,18,4,2,4,2,14,33,15,29,19,7,9,8,0
146,20,57,4,37,4,41,13,34,16,30,59,8,9,8,2
107,20,19,4,37,4,3,12,33,16,30,21,9,8,8,0
106,26,15,4,2,4,2,11,32,14,36,16,7,9,8,0
111,18,20,5,38,5,3,12,36,16,29,22,8,8,9,0
111,20,21,4,38,5,3,12,34,17,30,22,8,8,9,0
102,20,17,4,2,4,2,10,33,16,30,18,7,9,8,0
92,16,15,5,2,4,2,10,33,12,25,16,7,9,7,0
110,20,20,4,2,5,3,12,35,18,30,21,8,9,9,0
112,19,24,4,38,4,3,13,35,20,29,25,7,10,8,0
126,22,23,5,3,4,2,15,41,18,33,25,10,11,11,0
148,24,57,4,37,4,41,12,32,20,33,58,7,9,8,2
138,24,24,5,3,6,4,16,46,19,37,26,11,12,12,0
118,22,19,4,38,4,2,11,29,14,43,20,7,6,7,0
110,21,19,4,3,4,3,13,31,14,30,21,7,9,8,0
110,19,20,4,38,5,3,12,35,16,28,22,9,9,9,0
103,18,19,4,38,5,3,11,36,14,27,20,8,10,9,0
108,20,19,4,3,4,3,12,34,15,29,20,8,9,8,0
145,19,55,5,38,4,3,12,36,16,30,57,8,9,9,1
159,26,28,6,39,6,5,17,56,21,41,30,14,11,15,0
120,19,21,5,2,5,3,13,40,15,29,22,9,10,10,0
111,18,20,4,3,4,3,13,36,15,28,22,8,10,9,0
107,18,19,4,3,4,3,14,34,16,27,20,8,9,8,0
110,18,19,2,38,3,3,11,36,16,29,21,7,12,8,0
105,19,19,4,38,4,3,12,32,15,28,20,8,9,8,0
105,19,20,4,2,4,3,12,31,16,29,22,8,9,8,0
104,19,18,4,2,4,3,13,32,15,28,20,7,9,8,0
115,19,21,4,3,4,3,14,33,16,28,23,8,9,8,0
100,18,19,4,2,3,2,12,29,16,28,20,8,8,8,0
133,22,24,5,38,7,4,13,46,18,34,27,11,10,11,0
112,19,20,4,38,5,3,12,37,15,28,22,9,9,11,0
105,18,19,4,37,4,3,13,33,16,27,21,8,9,8,0
106,18,19,4,37,4,3,13,35,15,28,20,8,10,9,0
153,20,52,5,3,5,3,13,37,17,38,54,9,10,9,1
118,21,18,5,2,5,3,16,35,16,33,20,7,8,8,0
112,19,19,4,3,4,3,13,33,16,29,20,8,9,8,0
109,18,21,4,37,3,2,13,34,15,29,22,8,9,9,0
114,24,21,5,38,4,3,11,37,21,32,23,8,10,9,0
142,20,51,5,38,4,3,12,36,16,29,52,8,9,9,1
124,19,19,5,3,5,3,13,47,16,30,21,9,10,9,0
129,20,24,5,3,6,4,16,43,17,31,26,11,11,11,0
172,28,38,7,3,6,5,19,53,23,43,41,11,14,11,0
108,19,19,4,37,4,3,13,33,15,29,21,8,9,9,0
112,19,19,4,38,5,3,13,37,15,28,21,9,9,9,0
113,19,20,3,2,3,3,17,38,15,28,22,7,17,8,0
113,20,19,5,3,5,3,13,38,16,30,20,9,9,9,0
114,19,21,4,3,5,3,13,38,15,29,23,8,10,9,0
140,17,55,4,2,5,41,11,33,14,26,57,7,9,8,2
140,19,56,3,3,4,41,12,31,15,28,57,7,8,8,2
142,17,57,4,37,4,41,12,34,14,27,59,8,9,9,2
104,15,25,4,2,4,3,12,31,12,24,27,9,7,7,0
128,20,20,5,3,6,3,12,46,15,34,22,9,9,16,0
105,17,21,5,37,3,3,14,31,16,26,23,8,8,8,0
123,21,21,5,38,5,4,12,40,16,34,23,8,10,10,0
98,17,12,4,2,8,2,11,36,12,26,13,6,8,8,0
105,19,21,5,37,4,3,12,31,16,29,22,6,9,6,0
120,28,18,4,3,5,3,9,38,19,38,20,7,12,8,0
108,19,19,5,3,5,3,12,36,15,28,20,9,9,9,0
175,26,58,5,4,6,3,19,43,18,40,60,11,11,11,1
115,16,19,6,37,4,3,10,38,14,31,21,7,9,8,0
144,19,57,4,3,4,41,13,33,15,29,59,9,9,8,2
146,18,59,4,3,4,41,12,35,16,28,61,8,9,9,2
103,17,19,4,38,4,3,11,34,14,25,21,8,9,8,0
97,18,17,4,2,3,2,11,32,15,27,19,7,9,8,0
108,19,19,4,2,4,2,12,35,15,28,20,8,9,10,0
120,19,19,5,38,5,2,15,40,15,31,21,9,10,9,0
115,19,21,6,3,5,4,13,37,15,28,23,9,9,9,0
145,22,52,5,38,4,3,13,35,15,31,54,8,10,8,1
143,24,24,5,39,6,3,16,46,19,37,26,11,10,12,0
164,27,30,7,38,6,5,19,53,22,41,32,13,14,14,0
149,18,62,4,38,5,41,12,33,15,28,64,8,8,8,2
107,19,17,4,38,3,2,13,36,15,28,19,7,14,8,0
147,18,56,5,38,4,3,12,36,15,29,58,7,9,8,1
123,20,23,4,38,3,6,18,40,16,30,25,8,15,8,0
161,35,27,6,38,5,5,18,50,18,49,30,13,12,13,0
108,19,20,4,38,4,4,13,32,16,30,22,7,9,7,0
153,20,59,5,38,4,42,13,38,16,30,60,8,11,8,2
104,19,18,4,37,4,3,12,33,15,28,19,8,9,8,0
108,20,18,4,3,4,3,12,34,15,32,20,8,9,9,0
99,19,18,4,37,3,2,12,29,15,28,20,6,8,7,0
212,24,69,6,4,7,43,26,62,19,38,71,14,19,15,2
116,19,20,5,38,11,3,12,43,15,28,21,8,9,9,0
143,23,26,5,3,5,5,16,46,19,35,29,11,10,12,0
148,19,57,4,2,3,41,12,32,15,29,59,7,9,8,2
94,17,16,4,2,4,3,9,30,13,27,18,8,8,8,0
103,23,18,4,37,3,3,11,29,15,32,20,7,7,7,0
129,20,22,4,38,4,4,18,42,16,32,24,11,11,13,0
107,19,18,4,3,4,3,13,35,15,28,19,7,9,8,0
167,24,63,5,3,5,41,14,39,20,36,65,9,10,9,2
107,19,19,4,2,4,3,13,32,16,29,21,8,7,9,0
162,25,29,7,4,6,4,20,54,18,40,31,13,14,14,0
114,19,21,3,2,4,3,15,34,16,30,23,8,10,8,0
111,18,19,4,38,5,3,13,37,15,28,21,8,9,9,0
101,18,18,3,37,4,2,12,32,15,27,20,8,9,8,0
112,19,20,5,43,5,3,13,37,15,29,21,9,9,10,0
103,18,19,4,38,4,2,12,33,14,27,20,8,9,8,0
114,24,19,5,2,3,3,12,34,16,34,21,8,9,9,0
101,22,17,3,2,4,2,11,30,14,31,19,7,8,8,0
117,26,20,4,3,4,3,14,34,17,36,22,7,9,8,0
110,21,18,5,38,4,3,12,35,17,31,20,8,9,8,0
134,21,22,4,2,5,4,16,42,17,33,24,9,12,10,0
170,23,60,5,39,5,4,13,43,18,35,64,10,10,11,1
107,19,20,4,2,4,3,12,32,15,29,22,7,9,7,0
104,19,18,4,38,4,3,12,32,15,28,20,7,9,8,0
157,20,64,5,37,4,47,14,35,17,30,66,8,10,8,2
142,19,49,4,38,4,2,11,38,15,27,51,7,11,10,1
151,25,29,7,4,6,5,17,50,20,39,31,11,13,12,0
145,20,52,4,2,4,3,12,38,15,30,54,7,14,8,1
146,18,57,6,38,4,40,13,35,15,27,59,8,8,9,2
109,19,19,4,3,4,3,13,36,16,29,21,8,10,8,0
120,19,21,5,3,5,3,17,40,16,29,23,9,11,10,0
141,20,52,4,37,4,3,13,33,16,30,54,7,8,8,1
119,27,21,4,2,4,3,13,35,24,37,23,9,9,9,0
106,18,22,3,1,3,2,12,32,20,28,23,7,8,8,0
140,22,26,14,3,5,4,15,49,17,34,28,8,10,10,0
142,20,27,4,3,5,4,17,45,16,33,29,9,11,10,0
106,19,20,4,2,4,3,13,32,15,29,22,7,8,8,0
145,19,58,5,38,4,41,12,34,15,28,60,8,9,8,2
106,19,19,5,37,4,3,14,32,15,28,20,7,9,8,0
137,17,51,5,38,4,3,14,34,13,25,53,9,9,8,1
106,19,18,4,2,4,3,12,33,15,29,20,8,9,8,0
170,29,31,7,39,6,6,19,54,22,44,34,12,14,13,0
113,20,23,4,38,4,3,13,34,16,30,25,7,9,9,0
106,20,20,4,38,4,3,13,34,16,29,21,8,9,8,0
105,19,19,4,2,4,3,12,32,16,29,21,7,8,8,0
106,17,19,4,38,4,3,13,33,14,27,21,8,9,8,0
104,19,18,4,2,3,3,12,32,15,29,19,7,8,8,0
160,26,26,7,39,6,4,17,54,19,42,29,11,14,13,0
137,18,51,4,3,5,2,13,33,15,28,53,7,8,8,1
108,18,19,5,38,4,3,12,36,15,28,20,9,9,10,0
97,16,19,3,38,3,3,12,28,13,25,20,8,9,7,0
156,20,54,5,3,5,4,15,41,16,32,56,9,11,10,1
108,18,20,5,3,5,3,14,36,14,26,21,9,9,9,0
121,19,23,4,2,4,3,17,38,16,29,25,7,14,8,0
154,19,58,5,39,5,42,14,40,15,29,59,8,11,10,2
148,18,51,4,3,5,3,13,37,14,28,53,8,9,10,1
144,18,51,4,38,5,3,16,36,15,28,53,8,9,9,1
99,16,18,3,37,4,2,12,30,14,26,20,7,9,8,0
217,28,76,7,37,6,43,23,53,22,43,79,13,14,14,2
113,18,18,5,37,4,3,14,35,14,27,20,8,9,9,0
105,20,18,4,2,4,2,13,32,17,29,20,8,9,8,0
144,19,56,3,2,4,40,11,34,15,29,58,7,9,8,2
160,26,28,7,3,6,5,17,50,19,39,31,13,12,13,0
107,19,18,4,38,4,3,12,32,15,30,20,8,8,8,0
165,28,31,7,3,6,4,18,50,23,43,34,11,14,12,0
97,17,17,3,3,3,2,11,30,14,25,19,8,8,8,0
167,21,58,5,3,5,42,12,49,15,33,59,10,9,10,2
160,27,27,6,8,9,4,15,48,21,43,31,14,11,11,0
111,18,20,5,3,5,3,13,37,15,28,22,8,9,9,0
102,18,22,4,3,3,3,11,27,18,27,24,8,7,7,0
155,18,56,6,3,4,4,15,41,15,30,58,10,10,11,1
113,20,19,5,3,5,3,12,37,16,30,21,8,9,9,0
133,26,23,5,38,5,4,16,42,22,38,25,10,11,10,0
110,19,18,4,38,4,3,12,37,15,28,20,7,13,8,0
105,18,18,4,2,4,3,12,34,15,28,19,8,9,9,0
102,19,18,4,2,3,3,12,30,16,28,20,7,8,8,0
156,26,58,5,38,4,41,12,35,17,36,60,7,9,7,2
107,18,19,4,1,3,2,13,31,15,31,20,8,8,8,0
123,20,21,5,3,5,3,13,40,15,33,23,9,10,10,0
113,19,18,5,38,4,3,13,34,15,33,20,8,9,9,0
193,29,65,6,39,6,43,14,50,21,48,68,11,13,13,2
126,26,25,5,39,5,7,14,38,23,36,26,8,10,9,0
112,21,20,4,3,4,3,12,34,16,31,21,8,9,8,0
102,18,19,4,2,3,2,12,31,15,28,20,7,7,9,0
116,21,26,4,37,3,3,13,33,16,29,28,8,10,9,0
102,18,18,4,2,4,3,12,32,15,28,19,7,8,8,0
113,20,19,4,3,5,3,12,36,15,31,21,8,9,9,0
116,19,20,5,3,5,3,14,40,15,29,22,10,10,11,0
105,17,21,4,37,4,4,13,34,14,26,23,8,10,7,0
112,19,18,4,38,5,2,13,37,15,30,20,7,11,9,0
138,24,27,6,39,5,4,16,43,19,36,29,12,11,11,0
153,19,53,5,38,5,4,16,41,16,29,55,8,10,10,1
143,23,27,6,39,5,5,16,45,19,37,30,11,12,11,0
126,23,21,4,38,4,4,14,40,18,36,23,9,10,10,0
122,22,21,6,3,5,4,14,39,17,33,23,9,10,9,0
127,18,26,3,38,5,2,13,36,14,29,28,7,9,10,0
109,19,20,4,2,4,3,11,36,16,29,22,7,13,8,0
103,18,19,4,3,4,3,12,32,15,27,20,7,8,8,0
200,28,67,7,3,6,44,18,51,22,43,70,12,13,13,2
111,18,19,4,2,4,3,13,34,15,30,21,9,9,9,0
112,20,17,4,38,5,2,11,40,16,30,19,8,13,8,0
138,19,50,4,37,4,3,12,33,15,29,52,7,9,8,1
143,20,56,4,38,4,41,12,33,15,29,57,8,10,8,2
144,19,51,4,2,5,3,12,34,16,33,52,8,9,8,1
106,19,20,4,38,4,3,13,31,17,28,22,8,8,8,0
110,19,20,4,37,4,3,14,35,16,29,21,9,9,9,0
107,18,19,4,38,4,3,13,33,15,29,20,8,8,8,0
119,20,20,5,38,4,3,13,38,15,30,26,9,10,10,0
107,18,17,4,3,4,2,10,34,14,27,18,7,9,8,0
203,29,68,7,4,7,43,17,52,21,45,71,13,12,12,2
122,21,20,5,38,5,3,12,39,16,34,22,8,10,10,0
102,19,19,3,3,5,3,12,30,17,29,20,7,9,7,0
102,19,18,4,37,4,2,12,32,15,28,20,8,8,8,0
118,20,27,3,37,3,9,12,31,16,34,29,8,8,8,0
108,19,19,4,38,4,3,13,35,15,28,20,8,9,9,0
117,19,24,4,37,4,3,14,34,20,28,26,8,9,8,0
143,22,56,4,2,4,40,12,31,19,32,58,8,9,8,2
138,18,51,5,3,4,3,13,34,15,28,53,7,9,8,1
155,20,53,5,38,5,4,14,41,16,31,55,9,11,9,1
146,19,58,4,2,5,41,12,33,15,29,59,9,8,8,2
100,18,18,3,37,3,2,12,30,14,27,19,8,8,8,0
113,18,19,4,38,4,3,13,39,15,28,21,8,9,9,0
135,25,24,5,3,5,4,14,42,21,39,27,10,11,10,0
99,17,17,4,2,4,2,10,32,14,27,19,7,9,8,0
120,24,18,5,37,5,3,11,40,15,35,20,9,11,9,0
166,26,29,6,4,7,5,19,54,21,41,32,12,15,11,0
116,25,19,4,38,4,3,13,35,17,35,21,7,10,8,0
129,20,21,5,38,5,4,15,44,16,33,23,10,12,10,0
119,18,19,4,3,4,2,19,40,14,28,21,7,8,7,0
112,19,20,5,38,5,3,13,38,16,28,21,9,10,9,0
121,26,19,5,3,4,3,12,36,22,35,20,9,9,9,0
106,18,24,3,2,4,3,12,30,20,28,26,7,8,8,0
105,18,20,4,2,4,3,12,33,15,28,21,7,8,8,0
113,19,21,4,8,5,3,13,37,16,29,22,9,9,9,0
113,19,20,4,38,5,3,13,36,16,29,21,7,10,8,0
108,19,19,5,3,4,3,13,34,14,28,21,8,9,8,0
152,34,28,6,3,5,4,17,43,30,47,30,11,11,11,0
103,18,19,4,38,4,3,12,31,15,28,21,8,8,8,0
149,27,52,5,2,4,3,13,35,19,37,54,8,9,8,1
107,18,21,3,37,5,3,13,35,15,27,22,8,8,8,0
138,22,24,5,3,5,4,17,46,17,35,26,11,12,12,0
103,19,18,4,2,4,2,12,32,15,29,19,8,9,8,0
105,19,18,4,3,4,3,12,34,15,29,20,7,9,8,0
103,21,17,4,2,4,2,12,31,16,30,18,8,8,8,0
164,26,31,7,4,6,5,17,55,22,39,34,13,14,14,0
109,19,19,4,38,4,3,13,35,15,29,21,9,9,10,0
119,20,21,5,38,5,4,13,41,16,30,23,9,11,10,0
105,19,19,4,2,4,3,12,31,15,28,21,7,7,7,0
122,19,19,4,3,5,2,18,34,15,28,21,8,8,9,0
113,19,20,5,38,5,3,12,38,15,29,21,9,10,10,0
105,21,19,4,2,4,3,11,31,17,31,21,7,9,8,0
180,26,59,6,38,6,4,17,47,21,40,62,13,11,12,1
146,19,57,4,37,4,41,14,34,15,29,59,8,9,8,2
119,20,16,4,37,4,2,24,34,15,29,17,7,9,9,0
111,25,19,4,2,4,3,13,33,21,34,20,7,8,8,0
130,23,22,5,39,5,4,15,43,17,34,24,10,11,11,0
106,19,18,4,38,4,3,12,34,15,28,20,8,9,9,0
117,24,19,5,2,4,3,13,34,15,39,20,8,9,8,0
134,16,51,4,37,3,3,10,29,13,26,52,7,7,7,1
112,19,18,4,38,4,3,17,35,15,28,20,8,9,9,0
104,18,19,4,2,4,3,12,31,15,27,20,7,8,7,0
107,19,20,4,3,4,3,12,32,16,29,21,8,8,8,0
108,19,19,5,3,4,3,12,34,15,29,20,8,8,8,0
182,24,65,5,38,6,43,18,47,19,37,68,11,13,11,2
107,18,18,5,3,4,3,12,35,15,27,20,8,9,8,0
138,18,53,5,3,3,3,13,32,15,27,54,9,9,8,1
171,30,56,5,3,4,4,16,41,18,42,59,10,11,10,1
118,19,28,4,38,4,3,13,33,16,29,30,13,9,8,0
100,19,15,4,37,3,2,12,32,14,28,16,7,8,8,0
102,19,16,4,37,4,3,11,35,14,29,17,7,9,9,0
101,18,17,4,37,4,3,12,33,14,27,19,8,9,8,0
159,23,59,5,4,5,42,13,38,18,34,61,9,10,9,2
189,27,66,6,3,5,4,17,47,20,42,68,12,10,12,1
146,19,59,4,38,4,41,13,33,16,28,61,8,9,8,2
145,26,24,6,38,5,4,14,48,20,41,26,12,13,11,0
107,19,20,4,2,4,3,12,31,16,29,22,7,8,7,0
105,20,18,5,38,4,3,11,33,16,30,19,7,8,9,0
121,19,24,4,2,3,3,17,35,16,29,25,8,9,9,0
156,22,55,5,3,5,4,14,37,18,34,57,8,9,9,1
119,20,20,5,38,5,3,13,40,16,32,22,9,10,10,0
102,18,19,4,38,4,3,11,32,15,28,20,7,8,8,0
111,19,19,4,38,5,3,13,37,15,29,21,9,10,9,0
114,19,19,4,2,9,3,13,40,15,29,21,8,10,9,0
121,20,21,4,38,5,4,14,39,15,34,22,7,10,8,0
110,20,22,4,38,4,3,10,35,17,30,23,10,9,10,0
185,26,55,16,3,6,3,15,55,21,42,58,9,12,9,1
110,19,19,4,37,4,3,16,32,16,29,20,7,8,7,0
122,20,20,4,38,5,4,15,36,16,31,22,13,10,8,0
106,20,19,4,3,4,2,11,33,15,29,20,7,9,8,0
103,18,18,4,38,4,3,12,33,15,27,20,7,9,8,0
171,19,60,4,38,4,41,12,41,16,42,62,9,14,10,2
132,18,47,4,38,4,3,12,33,13,27,49,6,9,8,1
114,19,19,4,3,5,3,12,37,15,29,21,9,10,9,0
106,17,19,5,39,5,3,12,34,14,26,21,7,8,8,0
114,19,20,5,3,4,3,13,36,16,30,21,9,9,9,0
149,21,56,4,38,5,41,12,38,15,31,57,8,10,10,2
92,16,15,4,2,4,2,9,33,13,24,16,7,9,8,0
141,19,52,5,3,5,3,12,35,15,29,53,8,9,9,1
112,23,18,4,38,3,3,11,37,16,32,20,7,8,7,0
126,20,19,5,3,5,3,13,37,16,32,30,8,10,8,0
104,18,18,5,38,4,3,12,33,15,28,20,7,8,8,0
111,23,20,4,2,4,3,12,34,16,33,22,8,9,8,0
106,19,19,4,38,5,3,12,33,15,28,21,7,8,8,0
157,26,35,6,3,5,4,16,48,19,38,38,10,11,9,0
137,21,29,5,3,5,4,16,42,15,33,32,12,10,12,0
105,18,19,5,38,5,3,12,33,16,28,20,8,8,8,0
101,19,17,4,2,4,2,11,31,15,28,18,7,8,8,0
101,19,18,4,38,3,2,13,29,16,28,19,7,7,7,0
104,18,19,4,37,4,3,13,32,16,27,21,8,9,8,0
140,22,53,4,2,3,2,12,31,14,31,55,7,8,8,1
99,17,21,4,38,4,3,13,29,14,25,23,7,7,7,0
125,26,21,6,3,5,3,13,40,17,37,22,8,9,10,0
123,20,20,13,38,5,3,12,47,17,29,22,9,10,10,0
111,19,20,5,38,5,4,12,37,15,29,21,8,10,9,0
147,17,59,4,38,5,42,11,36,14,27,60,8,9,9,2
121,25,18,4,37,4,3,13,38,14,36,20,9,11,10,0
105,18,19,4,37,4,3,13,32,15,28,21,9,9,9,0
111,17,22,4,38,3,3,12,31,14,26,27,7,8,8,0
145,20,53,5,3,5,3,12,37,17,30,55,9,9,9,1
144,24,26,5,3,6,4,17,47,19,37,29,12,12,12,0
121,20,21,5,3,5,3,15,40,16,31,23,9,11,10,0
107,19,19,4,38,4,3,12,34,15,28,21,9,8,10,0
102,18,19,4,37,3,3,12,31,15,27,21,8,8,8,0
107,20,19,5,3,4,3,12,34,16,29,20,7,9,8,0
98,19,15,4,38,4,2,10,34,14,28,16,7,9,9,0
105,18,19,4,38,4,3,12,33,15,28,20,9,8,9,0
103,19,18,4,3,4,3,13,31,15,29,20,7,9,7,0
108,20,19,4,37,4,3,13,34,16,30,20,8,9,9,0
110,19,18,5,38,4,3,12,37,15,29,20,8,10,8,0
207,35,65,6,38,5,42,17,47,18,59,68,12,12,12,2
113,19,19,4,3,5,3,13,41,15,28,20,13,10,14,0
103,19,18,5,2,4,2,12,32,15,28,19,7,8,7,0
145,24,55,3,37,4,41,11,33,20,33,57,7,10,9,2
110,20,18,4,2,9,2,12,36,16,29,20,7,8,8,0
114,19,19,4,38,4,3,12,37,15,28,20,9,10,10,0
112,19,19,4,38,5,3,12,35,15,34,20,8,9,9,0
98,15,17,5,38,5,3,10,38,12,23,18,8,10,10,0
142,18,52,4,3,4,3,15,37,15,27,54,8,11,9,1
102,19,18,4,38,4,2,11,31,15,29,19,8,8,8,0
139,18,52,4,3,5,3,13,34,16,29,53,7,9,7,1
127,27,21,5,38,4,4,13,39,21,40,23,8,10,10,0
171,25,52,5,2,6,3,14,50,18,39,55,10,12,13,1
108,19,18,4,2,4,3,12,32,15,31,20,7,8,8,0
166,34,29,7,3,5,4,16,50,21,49,33,11,12,12,0
110,20,21,4,37,4,2,12,36,16,28,23,7,7,13,0
108,19,18,5,2,4,3,13,34,15,29,20,8,9,8,0
107,19,20,4,38,4,3,12,33,15,28,21,8,8,8,0
115,21,19,4,38,5,3,13,35,16,32,21,8,11,8,0
103,17,14,13,38,4,2,9,44,12,26,15,7,10,9,0
168,24,56,5,38,6,4,16,45,18,36,58,11,12,11,1
104,17,19,3,2,3,2,13,28,15,26,24,7,9,7,0
101,19,18,3,3,4,3,12,30,15,28,20,7,9,7,0
109,23,18,4,2,4,2,12,33,20,33,20,7,8,8,0
153,19,56,5,2,5,3,13,40,15,30,57,11,8,13,1
105,23,17,4,37,4,2,12,32,15,32,18,7,9,8,0
103,19,19,4,3,4,3,11,30,15,29,20,7,8,7,0
106,18,21,4,37,3,1,13,32,15,28,22,9,8,10,0
110,23,18,4,38,5,2,12,35,15,33,19,7,9,8,0
109,19,19,4,3,4,3,13,33,16,30,20,8,9,7,0
122,26,20,5,39,5,4,13,39,23,36,22,8,10,9,0
119,19,19,4,2,4,3,15,41,14,32,20,9,12,10,0
144,19,56,4,37,4,41,12,34,15,28,58,7,8,8,2
106,17,18,4,3,4,3,12,37,14,26,19,8,8,13,0
109,19,23,4,38,3,2,12,32,14,29,25,8,8,9,0
158,20,54,5,38,5,4,15,39,15,33,56,9,10,9,1
107,17,19,4,38,4,3,11,36,15,27,21,8,10,10,0
142,23,29,5,3,5,3,18,48,19,35,31,16,16,12,0
113,20,19,5,3,4,3,12,35,15,30,21,8,9,9,0
139,17,56,4,2,4,41,12,31,14,26,58,8,8,9,2
145,24,51,5,38,4,3,13,34,15,34,53,8,8,8,1
113,20,19,4,3,5,3,13,37,15,30,21,9,9,9,0
151,20,57,5,38,4,41,13,37,15,30,59,9,11,9,2
101,18,18,4,2,3,3,12,30,14,28,20,7,8,7,0
115,20,19,5,39,5,3,12,40,14,31,21,9,11,10,0
102,18,18,3,11,3,3,11,29,15,28,21,8,8,8,0
112,18,19,4,38,4,3,13,39,16,28,20,7,14,8,0
146,23,26,5,3,4,4,15,49,20,36,34,10,11,16,0
146,24,23,10,38,6,3,17,54,19,36,25,11,14,12,0
111,19,18,4,38,5,3,12,35,15,28,20,8,9,8,0
110,19,19,4,38,4,3,16,35,15,28,21,8,10,8,0
105,19,18,4,37,4,3,12,33,15,29,20,8,8,9,0
103,19,18,4,38,4,3,12,32,15,28,20,7,9,8,0
106,19,19,4,37,4,3,13,32,15,29,21,8,9,8,0
121,20,21,5,3,6,4,13,38,15,34,23,9,9,9,0
119,22,22,5,3,5,3,12,37,18,34,24,8,9,9,0
113,19,19,4,37,4,3,14,39,15,29,21,7,16,8,0
155,21,58,4,38,5,41,14,37,17,32,60,10,10,10,2
104,18,18,4,3,4,2,12,33,15,28,20,8,9,9,0
104,19,18,4,38,4,2,12,34,15,29,20,7,10,8,0
117,19,21,5,3,5,4,13,39,15,30,22,8,10,9,0
106,19,19,4,38,4,3,13,34,16,28,21,9,9,9,0
108,23,15,3,3,4,2,12,32,14,34,16,8,8,9,0
105,18,19,5,2,4,3,12,34,15,27,20,7,9,8,0
119,23,19,4,38,5,3,12,40,16,34,21,8,9,12,0
110,18,19,4,3,10,3,11,39,16,28,21,8,8,9,0
148,20,51,4,38,4,3,12,39,16,32,53,13,9,13,1
105,19,18,4,37,4,3,13,32,15,29,20,8,9,8,0
112,20,19,4,38,4,3,17,33,16,30,21,8,9,8,0
101,19,17,4,2,4,2,12,32,16,28,19,6,9,8,0
104,18,18,4,2,4,3,12,32,14,28,20,7,8,8,0
121,19,20,5,4,5,3,12,39,15,36,21,9,9,10,0
108,19,19,5,38,4,2,13,35,16,29,20,8,9,9,0
111,22,15,5,38,5,2,13,38,18,32,16,7,10,9,0
106,19,19,4,37,4,3,13,34,15,28,21,8,9,8,0
110,19,18,5,37,4,3,12,39,15,29,19,8,14,8,0
116,20,20,5,38,4,2,12,39,16,30,21,9,11,11,0
172,23,61,5,3,5,42,14,44,17,35,63,10,11,12,2
107,20,18,4,2,4,3,12,33,16,30,20,8,9,8,0
146,26,26,5,4,6,4,15,45,21,41,29,12,11,11,0
109,18,18,4,2,4,3,13,36,15,28,20,9,9,9,0
115,26,20,4,3,4,3,13,34,16,35,22,9,8,10,0
109,18,19,4,2,4,3,13,32,15,28,20,7,9,8,0
134,23,21,5,39,5,4,14,53,15,34,22,9,11,10,0
109,17,20,4,3,4,3,13,34,14,27,22,8,9,9,0
111,24,19,4,3,4,3,12,33,15,33,21,7,9,8,0
115,19,18,4,37,4,3,13,35,16,36,20,8,9,9,0
148,18,58,6,38,5,41,13,37,15,27,59,8,9,9,2
138,20,50,3,2,4,2,13,33,16,30,51,7,9,7,1
106,22,19,4,38,4,3,12,31,15,32,21,7,8,8,0
106,20,18,5,38,4,3,12,34,16,30,20,7,9,8,0
172,20,75,5,2,4,42,12,36,31,33,77,7,9,9,2
93,16,14,4,37,4,2,12,30,13,24,16,6,8,8,0
111,20,19,4,2,4,3,13,32,17,34,20,8,9,8,0
121,24,17,4,37,4,2,13,35,15,34,19,7,10,8,0
166,23,57,5,3,6,4,15,44,20,35,59,10,9,12,1
108,17,22,4,38,4,2,13,36,13,26,23,10,8,11,0
111,20,18,4,3,4,2,12,37,16,29,20,9,11,8,0
107,20,19,4,37,3,3,13,33,16,29,21,8,9,9,0
107,18,17,5,3,5,3,10,42,14,27,18,7,10,8,0
139,18,52,4,37,4,3,13,33,15,27,53,7,9,8,1
163,28,30,7,4,6,5,17,51,22,43,34,12,13,13,0
109,19,20,4,38,4,3,13,34,16,29,21,8,9,8,0
112,19,20,4,2,4,2,12,39,16,28,21,13,9,14,0
120,19,28,4,2,4,2,18,32,16,29,30,8,8,8,0
138,21,34,5,43,5,3,12,37,16,38,36,21,9,9,0
125,19,21,6,3,6,3,14,42,15,29,22,9,11,10,0
105,15,26,4,2,3,3,12,30,15,24,28,14,8,8,0
138,19,50,4,3,4,3,11,33,16,29,52,7,9,8,1
113,19,21,5,38,5,3,13,37,16,29,22,9,10,10,0
131,21,23,5,38,6,4,15,43,18,34,26,9,11,10,0
110,18,18,5,3,4,3,12,40,15,28,19,13,8,14,0
110,19,17,5,38,5,3,13,38,15,29,19,8,10,10,0
107,18,17,4,2,4,2,13,36,14,27,19,8,10,9,0
107,19,19,4,3,5,3,13,34,16,29,21,8,9,8,0
106,19,18,5,37,4,3,12,34,15,29,20,8,9,8,0
125,21,19,5,39,5,3,16,42,15,33,21,10,10,11,0
147,19,58,4,2,5,41,12,35,16,28,60,8,9,9,2
104,18,18,4,38,3,3,13,32,14,28,19,7,9,7,0
104,19,18,4,3,4,3,12,33,15,28,20,8,8,9,0
141,20,51,5,2,4,3,12,34,16,30,53,8,8,8,1
150,20,57,4,3,4,41,16,31,15,30,59,8,7,8,2
110,18,16,3,2,4,2,13,30,14,38,18,7,8,7,0
150,34,24,6,3,5,5,15,46,20,46,26,11,11,13,0
128,19,25,5,39,5,3,13,43,15,30,27,10,11,12,0
139,19,55,3,2,4,3,13,31,15,28,56,7,9,8,1
109,19,19,4,38,5,3,12,35,16,29,21,8,8,8,0
139,23,25,6,3,6,4,16,45,19,36,27,12,12,11,0
103,19,19,4,3,4,3,12,32,15,28,21,8,9,8,0
118,19,20,5,3,5,3,14,40,15,30,21,10,9,11,0
100,19,14,4,2,4,2,12,33,14,28,16,7,9,8,0
108,19,19,4,37,4,3,14,33,15,29,20,7,9,8,0
107,19,20,4,3,5,3,12,34,16,28,21,8,9,8,0
129,23,24,4,39,4,4,13,41,17,35,26,10,11,12,0
107,19,19,4,38,4,3,12,33,15,29,20,8,8,8,0
119,21,18,4,38,4,2,9,37,18,36,20,7,9,9,0
107,20,19,4,38,4,3,13,32,16,30,20,7,8,8,0
91,15,15,4,2,4,2,11,32,11,24,16,6,9,8,0
118,20,19,9,37,4,3,13,44,16,30,20,8,9,14,0
149,19,61,4,2,4,40,12,32,15,29,63,7,8,8,2
169,23,64,5,37,5,44,15,40,17,35,65,10,9,11,2
105,19,18,4,38,4,3,12,32,15,28,20,7,8,8,0
119,19,23,4,44,4,6,13,40,15,29,25,9,11,10,0
126,20,23,5,3,4,4,15,39,15,34,26,9,10,9,0
115,19,19,5,3,5,2,12,42,15,29,21,8,9,9,0
137,21,28,5,2,4,4,22,44,16,33,30,12,13,11,0
115,20,24,5,38,5,3,12,36,20,29,26,8,9,9,0
104,18,19,4,3,3,3,12,31,14,28,21,8,8,8,0
113,18,19,5,38,4,3,13,33,15,28,21,9,8,8,0
135,25,27,6,38,5,4,14,43,26,38,28,10,12,10,0
98,16,20,3,2,3,3,13,28,14,25,21,7,8,7,0
154,18,66,4,38,4,41,12,35,21,27,68,8,9,10,2
130,21,23,5,4,5,4,17,41,17,34,25,10,11,10,0
138,18,53,5,3,4,3,12,34,15,27,54,8,8,8,1
135,21,48,4,38,4,2,12,32,15,30,49,7,9,8,1
109,18,20,4,3,5,3,13,34,15,28,22,8,9,8,0
108,18,19,5,3,5,3,11,36,15,28,21,9,9,8,0
102,16,19,5,3,4,3,13,33,13,25,20,7,8,8,0
113,26,21,4,2,3,3,12,31,24,35,23,8,8,8,0
143,20,52,5,37,4,3,12,35,16,29,53,8,9,9,1
92,14,21,3,37,3,3,11,26,12,22,22,7,6,6,0
107,19,20,4,37,4,3,13,32,16,28,21,7,8,8,0
112,20,24,5,38,4,3,12,34,16,29,25,7,9,8,0
108,18,19,4,38,4,3,12,32,15,31,21,7,8,8,0
121,19,22,5,3,6,5,12,39,15,33,23,8,9,9,0
112,19,19,4,38,5,3,12,39,16,29,20,7,9,8,0
108,19,19,4,38,4,3,13,34,15,29,21,9,9,9,0
150,25,56,5,2,4,40,12,35,16,35,57,8,8,8,2
148,25,56,4,37,4,41,13,32,16,35,59,7,9,8,2
151,23,33,4,38,5,3,17,49,17,38,35,13,14,12,0
130,21,24,5,37,5,3,13,43,17,33,26,10,14,11,0
147,23,34,5,39,5,5,16,45,18,35,37,11,12,11,0
105,19,19,4,2,4,3,13,33,15,28,20,8,9,8,0
96,16,17,4,2,4,3,11,32,13,24,18,7,9,8,0
104,20,18,4,37,4,2,12,32,15,30,20,7,9,8,0
112,18,18,4,3,5,3,12,40,15,27,20,8,8,14,0
172,25,62,5,38,5,42,13,45,22,38,64,10,11,13,2
112,18,20,4,38,5,3,12,34,15,28,22,9,8,9,0
110,20,18,4,2,4,2,12,33,15,30,20,7,8,8,0
186,36,30,7,38,5,5,19,64,21,51,33,13,24,14,0
108,22,18,4,38,3,3,12,33,15,32,20,8,9,8,0
104,19,19,4,37,3,2,14,32,15,27,21,8,9,8,0
122,23,21,4,5,6,3,13,39,15,34,23,10,10,9,0
107,18,21,3,37,3,2,11,31,14,27,22,7,8,9,0
143,25,24,5,38,6,3,15,46,21,41,26,10,12,12,0
105,18,19,4,2,4,3,12,34,15,27,20,7,9,8,0
112,21,25,4,2,3,3,12,31,17,31,27,7,8,7,0
155,19,60,4,38,4,42,14,38,16,30,61,9,10,10,2
104,19,18,4,37,4,3,11,33,15,29,20,7,8,9,0
130,26,22,5,3,5,3,15,42,22,37,23,9,11,9,0
125,18,20,4,37,4,3,11,38,15,28,22,9,10,10,0
139,19,51,4,37,4,3,14,33,16,28,53,7,9,8,1
108,16,17,5,3,5,3,14,40,12,25,18,9,10,10,0
107,18,19,5,3,4,3,12,34,15,28,21,8,9,9,0
124,20,21,5,2,4,3,12,39,18,31,24,11,10,12,0
113,18,19,5,38,5,3,11,37,15,29,20,8,10,8,0
138,23,24,5,39,6,4,16,45,19,37,26,11,11,12,0
126,21,21,5,3,5,3,14,41,16,33,23,9,10,10,0
108,19,20,5,38,5,3,13,35,15,28,21,8,8,9,0
107,20,19,4,2,4,3,11,30,16,30,20,7,7,7,0
114,22,19,4,37,4,3,15,36,14,32,20,8,10,9,0
145,19,57,4,3,4,41,13,33,16,28,59,8,9,8,2
102,19,18,3,38,4,3,13,30,15,29,19,7,9,8,0
114,19,26,4,2,4,3,13,33,16,29,27,8,9,8,0
113,19,19,4,38,5,3,12,35,15,28,21,8,8,8,0
108,20,19,4,37,4,3,12,34,17,30,21,8,9,8,0
170,24,57,6,38,6,4,15,47,19,37,59,12,11,12,1
108,18,19,5,2,4,3,14,35,15,28,21,8,10,8,0
139,26,23,5,2,6,3,15,46,22,39,26,11,12,12,0
101,18,18,4,38,4,2,12,32,15,27,20,7,8,8,0
113,18,20,4,3,4,3,11,41,15,27,21,9,9,14,0
100,17,18,3,2,4,2,14,30,14,26,19,7,9,7,0
105,20,17,4,2,4,2,13,32,15,29,19,7,8,8,0
105,19,19,5,3,4,3,11,33,15,29,20,8,8,8,0
130,20,21,5,3,5,3,14,46,16,33,22,11,15,11,0
110,18,19,5,3,5,3,12,38,15,28,21,9,10,9,0
112,25,19,4,38,4,3,13,33,21,35,21,7,9,8,0
113,19,19,4,3,5,3,14,39,15,29,21,9,12,9,0
105,20,18,4,2,4,3,12,34,15,29,20,8,9,8,0
114,19,20,4,37,5,3,13,33,15,29,28,8,8,8,0
