Latency,CategoriesControllerGetcategory,ItemsControllerFindfeaturesitemrandom,ItemsControllerFinditemrandom,ItemsControllerFinditemsrandombyidproduct,ProductsControllerFindproduct,ProductsControllerFindproductrandom,GatewayGet,anomaly
536,5,37,4,97,4,38,257,1
365,2,4,5,49,4,3,115,0
523,3,3,3,52,3,142,256,2
404,3,3,3,55,3,4,122,0
358,4,3,5,51,3,4,118,0
342,3,2,3,51,4,4,117,0
505,4,36,5,95,3,37,234,1
368,3,3,5,53,3,4,119,0
504,3,3,3,46,3,142,251,2
380,4,3,4,41,4,4,113,0
388,4,3,4,55,4,4,128,0
383,3,3,4,47,3,4,111,0
520,5,3,4,44,3,142,254,2
357,3,3,4,53,3,3,121,0
372,3,2,3,52,4,5,118,0
343,3,2,4,48,3,4,111,0
399,4,2,4,52,4,3,127,0
385,5,2,4,51,3,4,125,0
360,5,3,4,53,3,3,121,0
368,2,3,4,47,2,4,110,0
342,4,3,5,49,3,4,117,0
383,6,3,4,56,3,4,126,0
499,3,36,4,91,4,37,235,1
382,4,4,3,56,3,3,120,0
505,5,3,4,43,3,142,249,2
480,3,36,4,89,4,36,240,1
517,5,3,3,57,3,142,265,2
429,7,3,3,46,4,4,112,0
388,5,3,3,43,3,4,114,0
363,3,3,4,45,3,4,111,0
362,4,2,3,46,4,5,112,0
363,4,2,4,42,3,3,110,0
370,4,4,4,53,4,5,123,0
516,4,2,3,46,4,142,244,2
402,6,3,4,52,4,5,139,0
381,4,3,4,62,3,3,129,0
365,4,2,4,43,3,4,108,0
362,4,2,3,49,3,3,115,0
366,4,3,4,51,3,4,116,0
511,5,2,3,48,3,142,258,2
360,4,2,3,50,3,4,113,0
370,3,2,3,46,4,3,102,0
368,3,3,3,53,4,3,123,0
358,2,2,3,48,3,3,109,0
348,4,3,4,55,4,4,122,0
358,4,3,3,49,2,3,105,0
356,4,2,3,44,4,4,109,0
585,5,39,4,93,4,37,244,1
361,5,2,4,50,3,3,117,0
417,6,4,5,58,6,4,159,0
356,4,3,4,53,3,3,123,0
417,6,1,3,55,4,4,139,0
351,5,4,4,44,4,4,113,0
395,5,3,4,55,4,4,130,0
366,3,2,3,44,4,4,117,0
356,5,2,3,46,3,3,115,0
364,4,3,3,51,3,4,116,0
366,3,2,3,44,3,4,113,0
386,6,2,4,53,3,3,121,0
383,4,3,4,63,4,5,132,0
355,3,3,4,48,5,4,114,0
337,4,3,4,49,4,4,115,0
427,7,4,4,55,5,5,139,0
365,2,2,3,46,2,4,113,0
379,6,4,4,51,4,4,123,0
526,3,3,4,54,3,142,259,2
335,3,3,4,47,4,4,114,0
355,3,2,2,51,2,2,107,0
357,3,2,3,49,3,3,116,0
377,5,2,3,51,4,4,125,0
359,3,3,4,45,4,4,108,0
370,4,2,4,53,3,3,117,0
335,3,4,4,47,3,3,110,0
368,4,2,4,46,4,3,115,0
399,6,4,5,41,5,2,129,0
404,4,3,4,54,3,3,123,0
488,4,36,3,84,4,37,215,1
412,4,3,4,43,4,3,113,0
364,4,2,3,44,3,3,106,0
366,4,2,5,55,3,4,124,0
371,4,2,4,50,4,4,117,0
355,3,3,4,41,4,3,112,0
451,5,5,6,62,4,5,151,0
349,4,2,4,45,3,4,110,0
395,5,3,4,53,3,5,148,0
408,4,3,3,41,4,3,109,0
364,5,3,4,42,3,4,111,0
382,4,4,5,50,3,4,121,0
379,3,3,3,50,4,4,114,0
358,3,3,4,51,3,4,117,0
373,4,2,3,53,4,4,123,0
348,4,3,4,45,3,3,113,0
364,4,2,4,46,4,4,114,0
418,4,3,4,52,3,4,122,0
410,3,2,4,43,3,4,130,0
379,5,2,4,49,3,4,119,0
353,4,3,4,52,3,3,117,0
353,3,3,4,47,4,2,111,0
340,4,3,3,43,2,2,105,0
417,5,28,29,52,2,5,174,0
353,4,3,4,44,4,4,107,0
363,5,3,3,51,4,4,117,0
356,3,2,4,51,3,3,117,0
350,4,3,3,41,4,3,109,0
333,4,3,4,48,6,4,113,0
349,4,2,3,47,3,4,111,0
419,5,4,4,68,3,5,150,0
547,5,37,5,103,5,37,255,1
375,4,2,3,46,4,3,112,0
469,3,35,4,86,3,36,211,1
333,4,3,4,53,3,3,109,0
375,4,3,4,56,3,3,126,0
379,3,3,4,51,3,3,119,0
375,4,3,4,52,3,4,121,0
356,4,2,3,46,4,4,113,0
507,3,3,4,46,3,141,248,2
353,5,2,4,45,3,4,109,0
472,3,35,3,82,5,37,213,1
513,3,3,4,48,2,142,255,2
366,4,3,2,48,4,3,114,0
375,3,3,4,46,2,4,107,0
345,4,2,4,43,4,4,110,0
425,5,4,4,59,3,3,137,0
400,4,3,4,50,4,4,129,0
365,3,2,3,41,4,4,103,0
386,5,2,4,44,3,4,113,0
399,5,3,4,52,3,4,124,0
368,2,2,3,45,2,2,106,0
489,5,2,4,56,4,59,190,0
369,2,2,3,48,3,3,108,0
421,5,3,4,52,4,5,135,0
363,4,2,4,51,3,3,115,0
466,4,36,4,91,4,37,224,1
509,4,4,4,51,4,142,256,2
499,3,2,3,41,3,142,241,2
361,3,3,5,55,3,3,122,0
366,4,3,4,48,3,3,115,0
365,3,3,4,41,4,4,107,0
432,6,4,5,59,4,4,149,0
362,3,2,3,47,3,3,111,0
372,3,3,4,49,3,3,119,0
348,4,3,4,44,4,4,114,0
363,3,3,4,47,3,4,107,0
502,5,36,4,95,3,36,225,1
373,5,2,3,54,4,4,125,0
357,4,2,3,44,9,4,112,0
358,5,3,4,46,4,4,114,0
375,4,3,4,46,3,8,120,0
385,4,3,3,52,4,4,125,0
339,3,2,3,44,3,3,106,0
367,4,2,4,52,3,4,118,0
515,5,3,4,48,3,142,263,2
363,3,3,4,51,4,3,118,0
373,3,4,5,45,4,3,112,0
347,4,2,3,47,4,3,111,0
399,7,3,4,44,3,4,119,0
359,3,3,3,51,4,4,115,0
440,4,35,3,89,2,37,218,1
422,8,4,4,64,5,3,152,0
376,4,3,4,53,4,3,116,0
383,4,3,4,47,3,3,114,0
498,3,3,4,42,3,145,251,2
385,3,3,4,54,3,3,121,0
365,4,2,4,51,4,4,117,0
502,4,3,4,45,3,143,249,2
469,3,35,2,90,3,37,217,1
394,3,2,3,51,4,8,124,0
373,4,2,3,49,4,4,114,0
497,4,3,4,53,2,142,262,2
407,5,3,5,56,4,4,130,0
485,5,37,4,90,3,37,228,1
364,3,3,3,51,4,4,120,0
464,5,36,4,92,3,37,228,1
343,4,2,11,45,3,4,121,0
370,4,3,4,50,3,4,122,0
379,3,3,4,51,3,3,118,0
420,3,3,3,45,4,3,114,0
355,4,3,3,53,4,3,120,0
526,4,2,2,43,3,142,247,2
390,4,4,5,51,3,3,128,0
369,3,2,3,44,3,4,105,0
373,4,2,4,57,2,3,123,0
365,3,2,3,35,2,2,91,0
348,4,3,4,45,4,4,108,0
386,6,4,4,54,2,5,127,0
361,4,2,4,51,4,4,119,0
372,4,2,4,47,3,3,112,0
376,3,3,3,47,2,4,109,0
365,4,2,4,47,4,4,118,0
514,4,3,4,49,4,142,254,2
513,4,3,4,54,4,142,258,2
478,4,36,4,88,4,36,216,1
360,4,4,3,41,3,3,104,0
401,5,2,4,43,4,4,120,0
518,3,2,3,46,4,142,250,2
463,4,35,4,92,3,37,229,1
520,4,3,3,45,4,142,247,2
374,3,2,4,45,4,4,111,0
366,7,3,3,46,3,3,117,0
373,4,2,4,50,3,4,117,0
381,4,3,3,48,4,17,131,0
349,4,3,3,43,4,3,108,0
387,4,2,3,52,4,4,129,0
383,4,3,3,52,4,4,118,0
347,5,2,4,46,4,4,118,0
505,4,2,4,49,3,142,251,2
336,3,2,4,44,4,3,108,0
337,3,3,4,44,4,3,112,0
372,4,2,3,40,6,3,108,0
369,6,2,4,52,3,4,124,0
385,5,4,5,57,3,4,127,0
381,4,5,5,59,3,3,128,0
383,3,2,4,42,3,4,112,0
532,6,36,4,97,5,38,261,1
354,4,3,4,44,3,4,108,0
506,4,3,4,47,3,141,248,2
364,4,2,4,52,4,5,120,0
560,7,2,4,58,5,143,289,2
368,3,4,4,56,4,3,126,0
366,4,3,4,55,3,4,124,0
394,2,2,4,50,3,3,117,0
401,4,3,4,55,4,4,137,0
368,4,3,4,52,4,3,119,0
345,3,4,4,46,4,3,114,0
462,3,35,3,83,3,36,212,1
354,4,3,3,47,4,4,114,0
384,5,3,5,52,4,4,123,0
485,5,35,3,85,4,38,222,1
405,5,2,3,59,4,2,135,0
467,4,35,4,94,3,36,228,1
367,3,3,4,52,3,3,120,0
389,3,2,3,47,3,3,109,0
377,4,2,4,60,4,3,125,0
423,4,1,3,54,5,3,136,0
379,4,3,4,55,3,4,120,0
502,3,3,5,46,4,141,251,2
383,4,2,4,46,4,3,118,0
376,4,2,3,44,4,4,109,0
376,5,3,4,54,3,4,121,0
357,3,2,3,47,3,4,110,0
348,4,2,3,47,3,3,109,0
348,4,3,4,45,3,4,108,0
504,4,3,4,58,6,142,266,2
357,4,2,4,49,4,4,118,0
390,7,2,4,48,2,4,119,0
465,4,35,3,83,4,37,211,1
383,5,3,5,47,4,4,115,0
396,3,3,4,54,5,4,124,0
392,4,3,4,53,8,3,123,0
341,4,2,4,46,3,3,114,0
401,5,2,3,55,3,3,121,0
524,4,3,4,49,3,142,253,2
426,5,2,4,48,4,7,134,0
403,6,4,5,54,5,4,142,0
364,4,3,3,49,3,4,113,0
368,3,3,3,47,3,3,113,0
347,4,2,4,42,3,4,112,0
374,4,3,3,45,3,3,113,0
355,4,2,3,41,4,3,111,0
351,3,3,4,57,3,3,125,0
359,3,2,4,49,3,4,115,0
365,5,2,3,49,3,2,112,0
356,3,2,4,49,4,3,114,0
351,4,3,5,44,4,3,113,0
370,3,2,3,52,3,3,119,0
395,7,3,3,51,4,4,132,0
428,5,3,4,50,3,4,137,0
363,4,2,3,47,4,3,112,0
393,3,3,4,45,13,5,122,0
379,5,3,4,48,3,6,118,0
348,5,4,4,52,3,4,123,0
464,4,35,3,86,4,37,220,1
508,3,36,4,84,3,36,222,1
355,4,2,3,43,3,4,109,0
371,4,2,4,54,3,4,125,0
527,4,1,4,49,3,143,257,2
349,3,3,4,55,4,4,123,0
361,4,3,3,49,5,3,107,0
409,6,3,4,51,4,4,137,0
463,3,36,3,89,3,36,222,1
441,5,3,4,52,4,4,136,0
494,4,3,3,46,3,142,250,2
351,3,2,4,45,3,4,105,0
349,4,4,4,43,4,4,117,0
371,3,2,4,45,4,3,114,0
391,4,2,4,51,3,3,117,0
500,4,3,4,47,3,142,254,2
502,5,3,4,40,3,143,246,2
363,5,2,4,45,4,3,109,0
376,4,3,3,48,3,3,120,0
362,3,3,4,43,3,3,109,0
352,4,2,3,47,4,4,116,0
372,5,3,4,45,3,3,113,0
424,6,3,3,53,4,5,136,0
373,4,2,4,44,3,4,114,0
367,3,3,4,52,4,3,113,0
364,4,2,4,50,3,4,114,0
370,4,2,4,47,3,4,112,0
514,6,2,3,46,4,142,254,2
364,4,3,4,52,4,4,130,0
366,5,2,3,50,4,4,118,0
383,4,2,4,43,4,2,105,0
357,4,3,3,48,3,3,112,0
346,3,2,3,52,2,3,107,0
385,4,3,3,50,3,4,115,0
370,5,3,4,48,4,3,117,0
355,6,3,4,49,3,3,120,0
341,4,2,3,44,4,4,110,0
365,4,3,4,42,4,3,111,0
501,5,36,4,95,4,37,235,1
356,4,3,4,50,4,4,122,0
508,4,2,3,44,2,142,246,2
358,4,2,3,49,3,4,113,0
353,4,3,4,47,3,4,113,0
372,3,3,3,46,3,3,111,0
354,4,3,4,47,3,3,115,0
412,5,3,4,54,3,3,137,0
358,3,2,3,44,4,4,109,0
332,2,2,3,41,4,3,101,0
349,4,2,5,54,3,4,123,0
369,4,2,4,50,3,3,119,0
376,3,4,4,53,4,4,122,0
429,6,3,3,49,4,5,135,0
374,4,3,4,53,3,4,119,0
361,3,2,4,46,3,3,111,0
416,6,2,3,48,3,4,146,0
423,6,2,3,53,4,4,135,0
458,4,36,4,90,3,37,224,1
539,3,3,4,45,4,143,251,2
372,4,3,4,47,4,4,111,0
357,5,2,2,45,4,3,109,0
431,4,3,4,50,3,3,124,0
356,5,3,4,53,4,2,121,0
356,4,3,4,48,3,4,112,0
430,4,2,3,54,4,4,134,0
484,3,36,3,88,4,36,221,1
491,3,2,3,46,3,142,244,2
439,3,36,3,84,3,36,212,1
505,6,3,4,45,3,142,251,2
523,4,2,5,55,3,142,266,2
370,4,4,4,49,3,2,110,0
467,4,35,4,87,3,37,218,1
371,4,2,3,43,3,4,110,0
484,4,3,4,44,4,142,248,2
487,4,3,4,46,4,142,251,2
362,4,2,3,48,3,4,112,0
376,3,3,4,52,3,5,119,0
406,5,2,4,53,5,4,139,0
360,4,3,3,47,4,3,116,0
394,4,2,3,49,3,3,119,0
361,4,3,4,41,3,3,107,0
354,5,3,4,55,3,3,125,0
385,3,2,3,42,4,4,107,0
354,4,2,3,45,3,5,115,0
344,4,2,3,45,3,3,106,0
458,4,35,4,89,3,36,217,1
370,4,2,4,46,3,3,120,0
389,3,3,3,51,3,4,124,0
479,3,36,4,93,4,37,230,1
366,5,2,5,46,4,3,112,0
494,3,36,4,94,3,37,230,1
366,4,2,3,47,3,3,111,0
374,4,2,3,55,4,4,125,0
491,4,35,4,93,4,37,228,1
370,4,2,3,44,3,3,111,0
366,3,3,4,48,3,3,115,0
420,4,2,4,56,3,4,139,0
353,2,3,4,43,3,4,105,0
372,4,3,4,59,4,3,123,0
359,4,3,4,51,4,4,123,0
368,3,2,4,52,4,3,120,0
366,4,2,4,45,3,4,113,0
458,5,4,4,51,4,4,124,0
403,3,2,3,54,4,4,122,0
385,11,2,3,47,4,4,121,0
387,7,3,5,45,4,3,121,0
439,7,4,5,59,4,5,144,0
353,4,3,3,53,7,2,124,0
495,5,36,3,90,4,37,227,1
358,5,2,4,47,4,3,115,0
358,3,3,4,49,3,3,111,0
364,4,3,4,44,3,4,111,0
376,4,2,4,51,3,3,116,0
366,4,3,2,49,2,3,114,0
409,4,4,5,45,4,2,115,0
465,4,36,4,89,4,37,219,1
352,4,3,4,45,3,3,110,0
381,4,4,4,57,4,4,126,0
349,3,3,6,45,4,3,114,0
361,3,3,4,51,4,4,117,0
361,2,2,4,48,3,4,116,0
372,5,2,3,47,4,4,110,0
500,3,3,4,44,4,142,248,2
496,4,3,4,40,3,141,238,2
376,8,4,4,51,3,3,125,0
351,2,4,3,40,3,4,111,0
382,3,2,3,48,2,4,115,0
374,4,3,4,45,4,4,122,0
475,4,35,3,89,4,37,221,1
366,9,2,4,44,3,4,114,0
356,3,1,5,45,3,4,111,0
355,4,3,3,45,3,4,110,0
351,3,3,4,45,4,3,114,0
382,4,2,4,49,4,3,111,0
362,3,3,3,46,3,3,109,0
511,3,36,4,96,3,37,228,1
346,4,3,3,41,4,2,105,0
343,4,2,3,40,3,5,104,0
365,2,3,5,49,4,4,118,0
368,4,3,4,43,4,4,109,0
353,3,2,4,43,3,4,111,0
388,3,2,4,49,4,4,113,0
384,5,3,4,54,3,5,125,0
361,4,2,5,46,3,4,111,0
400,5,3,5,54,5,5,125,0
522,4,36,4,90,3,37,225,1
407,6,3,5,56,5,4,142,0
362,4,3,3,46,3,4,116,0
443,6,3,4,54,4,5,135,0
372,3,2,3,45,4,4,114,0
406,5,2,4,46,3,4,115,0
353,4,2,3,47,3,3,111,0
373,4,3,4,49,4,3,117,0
394,5,3,3,49,3,5,121,0
358,3,2,4,44,3,4,115,0
365,4,2,3,43,4,4,103,0
377,4,3,4,48,4,3,118,0
377,5,3,3,53,4,4,120,0
571,6,3,4,52,5,143,278,2
419,5,4,5,60,5,6,148,0
360,4,3,3,45,4,5,111,0
373,3,3,4,42,3,4,108,0
356,3,3,3,46,4,3,108,0
377,5,2,2,52,4,3,119,0
356,5,3,5,51,4,3,117,0
375,6,3,4,50,4,4,121,0
363,5,3,4,45,2,3,114,0
507,4,3,3,43,4,141,246,2
368,3,3,4,58,3,3,127,0
353,4,3,4,52,3,4,117,0
495,4,2,3,47,3,142,251,2
402,6,2,4,49,3,4,139,0
375,3,3,4,51,3,3,115,0
387,5,3,3,46,3,4,111,0
486,4,3,4,43,5,142,252,2
371,4,3,3,44,4,3,107,0
374,3,3,4,60,3,3,122,0
386,4,2,4,56,4,3,128,0
369,4,3,4,52,3,3,116,0
362,4,3,4,49,3,3,113,0
371,4,3,5,46,3,4,120,0
490,4,36,5,91,4,37,234,1
364,4,3,4,52,4,3,122,0
369,3,2,4,50,4,3,111,0
366,3,3,5,56,3,3,121,0
465,5,4,5,62,5,5,160,0
380,4,3,3,51,2,3,114,0
481,3,35,4,92,4,37,229,1
359,4,2,4,45,3,4,115,0
352,4,3,4,52,3,4,120,0
364,4,2,4,47,3,4,116,0
371,4,3,4,48,3,3,119,0
357,3,3,4,38,4,3,99,0
358,4,3,4,57,3,4,126,0
355,4,3,4,47,4,3,117,0
370,4,3,4,48,4,3,113,0
343,3,2,3,48,4,4,110,0
371,4,3,5,48,3,3,116,0
413,5,2,4,53,3,3,122,0
363,4,3,3,49,3,5,117,0
374,5,2,4,54,3,4,133,0
361,4,3,3,49,4,4,116,0
359,4,3,3,53,3,4,118,0
399,3,2,3,45,3,5,110,0
479,5,37,5,86,5,37,228,1
496,4,36,4,96,2,37,234,1
350,4,2,4,46,3,3,112,0
535,4,2,3,49,5,141,252,2
409,5,3,4,53,3,3,119,0
344,3,2,2,46,3,4,111,0
414,7,2,3,50,8,4,135,0
355,3,2,4,39,4,4,110,0
451,5,2,5,59,5,4,149,0
397,6,3,5,49,4,5,133,0
369,4,2,3,43,5,3,114,0
361,3,3,4,52,3,3,116,0
378,3,3,3,49,3,3,111,0
533,6,2,3,52,3,142,276,2
366,5,3,4,57,3,4,128,0
360,3,2,3,42,3,4,103,0
504,5,35,3,89,3,38,225,1
370,5,2,4,43,3,3,110,0
340,3,1,3,41,2,3,95,0
354,4,2,4,52,3,4,121,0
348,4,3,4,45,4,4,109,0
360,4,3,3,48,4,3,108,0
505,4,3,4,44,4,142,249,2
459,3,36,4,78,3,37,212,1
550,5,3,4,53,3,142,264,2
376,4,2,3,54,3,3,118,0
497,4,2,3,41,3,141,249,2
354,3,3,4,50,4,4,116,0
351,4,4,4,49,3,3,114,0
348,4,2,4,49,4,6,109,0
471,8,4,4,58,7,4,145,0
509,3,2,3,49,4,142,251,2
431,5,3,4,60,4,4,162,0
400,5,3,4,53,3,4,130,0
377,5,3,5,52,3,3,122,0
492,3,3,5,54,4,142,266,2
378,5,3,5,47,3,3,124,0
514,3,36,3,91,3,36,226,1
378,5,1,4,53,3,3,118,0
442,6,2,3,46,4,3,124,0
375,3,4,5,56,4,4,127,0
509,4,3,4,49,3,142,258,2
350,5,1,3,47,3,4,111,0
379,4,2,4,52,3,3,123,0
355,3,3,5,44,3,3,112,0
353,3,1,4,46,3,4,108,0
378,5,3,4,49,3,4,120,0
513,4,2,3,46,4,141,253,2
467,4,36,3,86,4,37,219,1
344,4,2,4,42,3,5,109,0
451,3,36,4,84,3,37,217,1
356,4,3,4,53,4,4,116,0
361,4,2,3,43,4,3,107,0
393,3,2,4,54,10,4,127,0
387,4,3,4,56,3,4,128,0
354,5,3,4,48,3,3,110,0
469,4,36,3,88,3,37,219,1
348,4,3,4,45,4,3,113,0
355,3,3,3,44,3,4,106,0
356,3,3,4,46,3,3,113,0
371,9,2,4,50,3,4,117,0
360,4,2,4,46,3,4,108,0
371,4,3,4,45,4,4,109,0
362,4,2,3,40,3,3,102,0
375,3,3,3,46,2,3,117,0
531,6,35,3,94,4,38,244,1
423,6,3,4,67,5,4,161,0
397,4,3,3,54,3,4,122,0
361,4,2,4,48,3,3,114,0
355,3,2,3,46,3,4,107,0
366,6,3,4,45,5,3,123,0
400,4,3,4,54,6,2,134,0
363,4,2,3,39,3,4,102,0
352,4,2,3,43,4,4,104,0
373,4,3,3,52,3,4,122,0
502,4,36,5,96,4,37,235,1
353,3,2,4,45,2,2,106,0
377,4,2,3,49,4,3,120,0
370,3,3,4,49,3,3,109,0
373,3,2,3,47,2,3,110,0
384,5,3,4,38,4,3,103,0
359,3,2,3,42,2,3,105,0
363,3,3,3,48,3,3,111,0
529,5,37,4,99,8,39,259,1
455,4,36,4,95,4,37,228,1
553,6,3,4,52,4,142,280,2
481,4,36,3,88,3,37,222,1
374,3,3,4,49,5,3,125,0
521,5,3,4,45,3,146,255,2
349,4,3,4,51,4,3,116,0
438,5,4,5,61,5,4,154,0
395,6,4,5,52,4,4,131,0
396,4,3,3,53,3,3,122,0
503,3,3,4,51,3,141,260,2
361,3,2,4,50,3,3,115,0
385,4,3,4,55,4,4,123,0
460,5,2,4,51,4,4,122,0
396,3,3,5,52,4,4,132,0
491,3,3,4,45,3,142,249,2
410,5,3,4,50,5,4,135,0
350,4,2,2,39,4,2,104,0
382,4,2,3,45,3,4,118,0
367,3,3,4,52,3,4,122,0
380,8,3,4,45,3,5,111,0
358,4,3,4,52,4,4,122,0
384,3,2,4,43,4,2,109,0
502,4,36,4,91,3,37,229,1
384,4,2,3,48,3,3,114,0
360,3,2,3,47,4,3,112,0
376,4,3,4,48,4,3,119,0
353,4,2,4,48,3,4,118,0
362,3,2,3,45,3,3,106,0
506,3,3,4,47,3,142,258,2
357,3,3,3,44,3,4,100,0
359,4,3,4,52,4,4,123,0
351,3,2,3,42,4,3,109,0
381,5,2,4,48,4,4,120,0
526,4,36,4,96,4,38,244,1
492,4,36,4,92,4,36,226,1
507,4,3,4,44,4,141,249,2
472,4,36,4,86,4,37,220,1
344,3,3,3,54,3,4,118,0
363,3,3,3,54,3,3,118,0
485,3,3,3,48,3,141,247,2
370,4,2,4,49,4,4,114,0
358,3,3,5,51,3,4,118,0
367,3,2,4,48,3,4,116,0
487,2,35,3,87,3,37,217,1
503,3,3,4,40,4,142,243,2
372,5,3,4,49,4,4,123,0
350,5,2,3,41,4,4,109,0
360,3,2,4,49,3,4,115,0
352,4,2,3,38,4,2,102,0
513,4,3,4,46,3,142,253,2
358,3,2,4,43,4,2,109,0
362,2,2,3,41,2,3,103,0
352,4,3,4,49,3,4,117,0
347,3,3,4,42,3,4,104,0
338,3,2,4,41,2,3,102,0
366,4,2,3,50,3,4,112,0
360,4,3,4,43,4,4,110,0
365,5,3,4,53,4,3,121,0
398,5,3,5,55,2,4,126,0
528,4,3,4,52,3,141,261,2
446,5,35,3,84,4,36,215,1
354,3,2,3,50,3,4,115,0
359,3,3,4,48,3,4,113,0
381,4,3,3,51,3,4,118,0
344,4,3,4,50,3,4,116,0
372,4,3,4,45,4,4,116,0
370,4,2,4,46,3,3,112,0
404,7,2,3,54,4,4,134,0
409,5,4,4,56,3,5,142,0
388,5,2,5,48,2,4,114,0
374,4,2,4,50,3,4,121,0
397,3,2,3,61,3,4,141,0
358,4,3,2,46,4,3,117,0
516,5,36,4,89,4,37,241,1
368,2,2,3,44,3,4,111,0
339,4,3,4,39,3,3,106,0
365,3,3,4,40,9,4,105,0
347,5,2,4,44,4,3,106,0
418,5,4,4,61,4,4,153,0
365,3,2,4,48,2,4,113,0
473,3,36,3,86,4,37,215,1
355,4,3,5,46,4,4,117,0
388,4,3,4,53,2,4,122,0
537,5,3,3,50,6,142,264,2
371,4,3,4,48,4,4,117,0
350,4,3,3,45,3,3,113,0
362,3,3,3,52,3,3,117,0
378,3,3,3,51,4,3,117,0
515,5,3,4,49,3,142,254,2
383,6,3,4,49,3,4,122,0
370,5,3,3,55,4,4,126,0
366,3,3,3,50,2,3,109,0
355,3,2,3,43,3,3,104,0
513,5,3,4,48,4,142,252,2
360,3,2,4,49,4,4,113,0
365,4,3,4,56,3,3,122,0
353,4,3,4,47,4,4,117,0
416,6,2,3,52,2,3,131,0
455,5,3,4,64,3,4,157,0
402,4,3,4,53,4,4,134,0
492,3,36,4,85,4,38,220,1
354,3,2,2,45,2,3,104,0
357,4,3,3,43,3,3,111,0
369,3,3,4,49,3,3,119,0
372,4,2,4,54,3,4,120,0
415,5,3,3,49,4,3,133,0
351,3,2,3,42,4,4,106,0
364,4,2,3,52,3,4,121,0
373,5,3,4,50,4,4,123,0
409,8,4,5,57,4,5,148,0
493,4,35,4,90,3,37,226,1
360,3,2,4,55,4,4,121,0
464,5,35,4,85,3,37,217,1
353,3,2,3,48,4,4,113,0
363,7,3,3,49,4,5,117,0
370,3,2,3,50,4,4,108,0
361,5,3,4,52,5,2,127,0
373,5,3,4,51,4,2,114,0
391,8,3,3,53,3,5,130,0
369,5,3,4,45,3,3,117,0
576,3,3,4,49,3,142,261,2
364,4,3,5,50,3,3,117,0
524,4,3,4,45,3,142,254,2
361,3,3,3,47,4,4,109,0
368,5,2,4,51,3,4,115,0
340,3,2,3,48,3,3,107,0
397,3,3,5,49,4,4,120,0
346,4,2,4,51,3,4,126,0
378,3,4,4,51,3,4,122,0
363,4,3,3,47,4,4,112,0
340,3,2,3,45,4,4,106,0
348,3,2,4,45,3,5,108,0
513,4,3,4,60,2,142,266,2
351,2,2,3,41,4,3,99,0
490,4,36,4,90,3,37,221,1
354,4,2,4,43,3,3,116,0
504,4,2,3,52,3,141,261,2
368,4,2,4,46,4,4,112,0
402,5,3,3,53,4,4,133,0
380,4,3,3,53,4,4,122,0
401,5,4,5,48,5,2,124,0
352,4,3,3,51,2,2,117,0
368,5,3,4,48,4,3,114,0
482,4,35,4,93,4,37,231,1
445,7,3,2,67,5,6,149,0
357,3,2,4,43,3,4,101,0
461,4,35,4,77,3,37,213,1
369,4,3,4,44,3,4,115,0
372,3,3,4,50,4,3,115,0
366,3,2,4,46,3,2,119,0
350,3,3,5,47,3,3,115,0
362,4,3,4,49,2,3,113,0
540,4,4,3,57,3,142,272,2
501,5,2,4,47,3,142,254,2
351,3,3,3,50,3,2,112,0
347,4,3,4,49,3,3,115,0
349,3,3,4,48,3,3,115,0
387,4,2,3,46,4,4,115,0
401,5,2,3,50,4,3,122,0
350,5,2,3,44,5,4,112,0
356,4,2,4,44,3,4,107,0
471,4,36,5,91,3,37,228,1
390,5,2,3,45,5,6,115,0
380,3,3,4,54,3,4,122,0
367,4,2,4,52,3,4,115,0
390,4,3,4,48,3,4,128,0
408,5,2,5,52,4,4,131,0
352,4,2,4,46,3,4,109,0
519,5,3,3,50,3,142,250,2
390,5,3,4,49,4,3,127,0
366,3,2,4,48,3,3,109,0
351,3,2,2,47,3,3,102,0
366,5,3,3,47,4,4,111,0
356,3,3,4,53,4,3,120,0
408,8,3,4,64,5,3,155,0
390,4,3,4,51,4,4,130,0
501,4,3,4,45,3,141,249,2
510,4,4,6,55,4,142,271,2
377,3,3,4,52,3,4,120,0
372,7,2,4,40,3,3,108,0
548,4,4,4,52,3,142,272,2
482,4,36,3,91,3,37,229,1
359,4,3,4,45,3,4,109,0
494,4,36,4,95,3,36,227,1
362,4,2,3,55,4,4,122,0
357,3,2,4,45,3,3,112,0
419,6,3,4,49,4,3,117,0
370,4,2,4,42,3,3,109,0
487,4,36,4,87,4,36,221,1
379,5,2,3,49,4,3,113,0
350,4,2,4,48,4,3,110,0
384,5,2,3,50,4,3,116,0
363,4,4,4,54,4,4,121,0
355,3,2,3,51,3,4,116,0
376,3,2,4,52,3,4,118,0
486,4,36,3,87,4,37,221,1
363,4,2,3,47,4,4,116,0
373,3,2,4,53,3,4,122,0
360,4,3,4,46,4,4,116,0
487,3,2,3,50,3,142,253,2
377,3,3,4,42,3,3,112,0
403,6,3,5,58,4,5,151,0
348,3,3,4,45,4,2,112,0
388,6,2,3,48,3,4,125,0
508,3,3,3,45,2,142,246,2
519,2,2,4,45,3,142,247,2
414,5,3,3,58,4,5,139,0
418,5,3,3,55,6,9,139,0
366,3,2,3,53,4,3,116,0
490,4,36,4,85,3,37,222,1
376,4,2,4,42,2,2,124,0
610,6,36,3,90,10,38,257,1
356,3,3,4,46,4,4,115,0
379,4,3,3,53,3,2,122,0
436,5,3,3,40,4,4,123,0
357,2,3,4,53,6,4,121,0
527,4,2,4,52,3,142,261,2
505,4,36,4,91,3,38,231,1
340,4,3,4,48,3,4,109,0
359,4,3,4,52,4,4,116,0
398,3,2,4,48,3,3,129,0
395,5,3,4,49,3,4,120,0
471,5,35,4,91,4,37,224,1
357,4,3,4,48,3,3,111,0
377,4,3,3,48,3,4,121,0
500,4,3,5,46,4,142,258,2
429,5,2,3,52,4,4,136,0
360,4,3,3,51,4,4,123,0
351,5,3,3,45,3,4,111,0
367,4,2,4,44,3,3,110,0
415,7,3,4,56,4,5,144,0
374,6,4,4,48,4,5,125,0
377,5,2,3,45,2,3,115,0
357,3,2,4,48,3,2,108,0
378,3,2,2,52,3,3,135,0
478,4,36,4,89,4,37,222,1
478,4,35,4,93,3,37,227,1
464,4,35,3,84,3,37,216,1
511,6,36,4,99,4,38,258,1
550,4,3,4,39,4,143,251,2
358,3,2,3,54,3,4,113,0
412,4,3,4,47,4,3,117,0
526,5,3,4,48,4,142,257,2
335,3,3,2,50,3,2,109,0
420,5,3,4,55,4,4,138,0
368,4,3,3,52,4,3,119,0
483,4,3,4,47,2,142,249,2
380,4,3,5,60,4,3,130,0
353,4,2,4,50,4,3,112,0
357,5,2,3,48,4,4,114,0
352,3,3,3,49,3,4,113,0
342,3,3,4,49,3,4,116,0
359,3,4,4,56,3,3,127,0
371,5,3,5,46,3,3,111,0
392,4,2,4,51,3,4,124,0
368,4,3,3,57,3,3,124,0
554,6,2,4,49,4,142,268,2
368,4,2,4,44,3,3,110,0
380,4,3,4,51,3,3,118,0
362,3,3,4,47,4,3,113,0
509,4,3,4,54,4,146,264,2
548,7,3,5,55,5,143,279,2
370,3,3,4,47,4,3,114,0
396,4,2,4,53,4,4,120,0
385,2,4,3,50,3,3,111,0
386,4,2,4,47,4,6,118,0
339,4,3,3,42,4,3,109,0
368,4,2,4,48,3,4,121,0
361,4,3,3,45,4,2,112,0
384,4,2,4,49,7,4,119,0
365,4,2,3,45,4,4,108,0
500,6,3,5,60,4,8,151,0
396,5,2,4,52,4,3,132,0
367,5,2,4,44,4,3,110,0
367,3,2,3,55,3,3,121,0
486,4,36,4,82,3,38,221,1
357,3,1,3,42,4,4,106,0
354,3,2,3,47,2,2,111,0
383,3,3,4,50,4,4,124,0
353,2,3,4,51,3,4,113,0
354,4,4,4,47,4,4,112,0
369,4,3,4,42,3,4,115,0
372,3,3,4,55,4,4,124,0
507,3,3,4,49,3,142,249,2
373,3,2,5,54,3,4,119,0
373,4,2,5,45,3,4,112,0
372,4,3,4,55,3,3,122,0
497,3,2,3,46,3,142,245,2
341,3,2,3,46,4,4,114,0
362,5,2,3,50,4,4,120,0
383,3,2,4,49,3,3,127,0
345,4,2,3,47,3,4,111,0
395,4,2,3,52,4,3,119,0
356,3,3,3,53,4,4,116,0
371,4,2,3,47,3,4,113,0
531,6,36,5,97,5,38,252,1
377,3,2,4,52,3,2,117,0
346,2,3,4,44,3,3,112,0
495,5,36,3,92,4,37,228,1
381,6,3,4,45,5,4,119,0
373,4,3,4,54,4,4,122,0
346,4,3,3,49,3,4,115,0
370,4,3,3,45,3,3,109,0
355,4,3,4,45,4,4,110,0
359,4,3,2,47,4,2,111,0
373,4,3,4,51,3,3,119,0
365,4,2,3,47,4,4,115,0
359,3,3,2,51,4,3,116,0
391,4,3,4,55,4,4,124,0
378,5,2,3,50,2,4,115,0
354,5,3,4,46,4,6,122,0
511,4,4,4,56,3,142,260,2
520,5,36,5,97,7,39,260,1
478,5,35,3,84,4,36,218,1
380,5,3,3,44,4,4,114,0
371,3,3,2,57,3,4,122,0
391,5,3,4,55,4,3,128,0
456,3,36,3,89,3,36,224,1
487,5,3,4,46,3,142,252,2
354,4,3,4,47,6,4,117,0
351,3,3,4,46,3,4,114,0
382,3,3,4,46,4,3,114,0
402,4,3,4,50,4,4,120,0
433,4,3,4,52,5,4,131,0
511,4,3,4,40,3,142,249,2
359,4,3,4,45,2,4,111,0
370,5,4,3,51,4,3,122,0
363,5,3,4,52,3,4,120,0
382,4,2,4,54,3,4,120,0
397,5,2,3,50,3,6,121,0
368,4,2,4,48,3,3,109,0
363,3,2,3,46,3,7,112,0
363,3,3,4,49,4,4,116,0
367,5,2,4,49,3,3,116,0
426,6,4,5,62,4,5,155,0
550,6,36,5,103,3,37,261,1
368,3,3,4,45,3,4,109,0
358,3,3,3,42,3,4,106,0
517,5,3,4,52,3,143,256,2
359,4,2,3,47,4,3,115,0
360,4,2,4,55,4,3,124,0
349,3,3,4,52,4,4,118,0
343,4,3,4,48,4,4,116,0
374,5,3,4,46,7,4,117,0
387,5,3,4,41,4,3,114,0
350,4,2,3,47,4,4,116,0
551,6,4,4,50,3,142,272,2
380,5,3,4,49,3,5,121,0
368,4,3,3,51,3,4,120,0
509,2,3,4,43,3,141,250,2
386,6,2,3,42,4,4,113,0
364,4,3,5,56,2,4,125,0
451,4,36,4,82,4,37,214,1
370,3,3,4,48,3,3,109,0
378,5,3,4,53,4,4,123,0
399,5,3,4,47,5,3,135,0
372,5,2,3,44,4,4,113,0
367,4,3,4,52,4,4,122,0
401,5,3,4,59,5,4,149,0
424,15,3,4,55,5,4,152,0
417,6,2,4,58,3,4,142,0
342,3,2,4,46,4,3,111,0
354,4,3,4,48,2,3,111,0
455,3,36,4,88,3,37,217,1
354,4,3,5,50,4,4,120,0
356,3,2,3,44,3,4,104,0
372,5,3,5,53,3,3,121,0
364,5,2,4,43,4,4,107,0
384,5,4,4,50,3,3,115,0
481,4,35,4,88,4,37,221,1
354,4,3,4,47,3,4,116,0
380,3,2,3,46,3,3,115,0
375,5,3,5,46,4,4,116,0
402,6,4,4,49,5,11,143,0
403,4,5,6,58,3,4,141,0
354,2,2,4,48,4,4,111,0
371,3,2,2,44,3,3,105,0
345,4,2,3,47,4,3,105,0
349,3,2,4,50,4,4,112,0
350,4,3,4,46,3,4,111,0
356,3,3,4,43,3,4,111,0
373,5,3,4,46,5,4,116,0
483,4,36,3,97,4,37,231,1
387,4,3,2,48,3,4,115,0
343,3,3,4,48,3,3,109,0
361,3,2,3,44,3,4,107,0
394,5,2,3,45,3,4,114,0
398,5,2,5,52,3,4,132,0
371,5,3,4,45,4,4,120,0
490,4,3,4,41,3,142,243,2
354,4,2,5,51,4,4,119,0
420,5,3,3,45,5,4,126,0
522,5,3,5,49,4,143,263,2
349,4,2,4,49,3,4,114,0
525,4,2,3,47,4,143,252,2
360,3,3,4,53,3,2,111,0
370,4,2,4,53,4,3,117,0
401,6,2,3,49,3,4,123,0
376,3,2,3,47,3,4,115,0
361,5,4,5,45,4,3,117,0
364,5,3,3,52,3,4,120,0
342,3,2,3,45,3,4,110,0
363,4,3,4,50,3,3,117,0
344,3,2,4,44,3,4,107,0
353,3,3,3,44,3,3,110,0
360,5,3,4,51,3,3,113,0
357,4,3,5,49,6,5,125,0
384,3,2,26,46,2,3,157,0
381,3,3,4,43,4,4,111,0
497,3,3,3,45,6,142,253,2
367,3,2,4,46,4,3,107,0
383,4,3,3,48,3,5,119,0
349,4,3,4,42,3,3,105,0
361,4,3,4,52,4,4,115,0
494,5,3,4,49,3,142,256,2
476,4,36,4,93,3,37,226,1
369,4,2,3,45,3,4,109,0
505,3,4,4,70,3,142,267,2
352,2,3,3,44,3,5,109,0
368,4,3,4,52,4,4,119,0
483,4,35,3,86,3,37,221,1
479,4,35,3,84,3,37,216,1
501,5,36,4,94,3,37,231,1
508,3,3,5,44,4,142,251,2
373,4,2,4,47,3,4,116,0
353,3,2,4,50,4,3,115,0
404,4,3,4,46,3,4,117,0
384,5,2,4,49,4,4,127,0
387,3,3,4,43,2,4,119,0
364,5,3,4,55,3,5,124,0
504,4,2,5,47,4,142,250,2
382,5,3,4,48,4,3,120,0
520,3,4,4,50,4,142,271,2
357,3,2,4,47,4,3,113,0
378,4,2,3,55,3,3,120,0
375,4,1,3,54,4,4,117,0
361,3,3,3,45,4,3,109,0
364,3,3,4,51,3,3,120,0
423,5,3,4,55,5,5,134,0
368,4,3,4,45,3,4,111,0
355,3,3,3,48,3,3,116,0
404,4,4,5,51,4,4,130,0
536,5,36,5,99,4,38,245,1
530,5,37,5,101,5,38,262,1
353,3,2,4,54,4,3,124,0
360,3,2,3,45,4,4,107,0
356,4,2,3,45,3,4,107,0
377,3,4,3,43,5,4,122,0
354,3,2,3,39,3,3,105,0
341,4,2,4,47,2,2,106,0
349,3,3,3,52,3,3,113,0
357,5,2,2,39,4,4,103,0
373,4,2,4,43,3,4,113,0
358,3,2,3,43,4,3,113,0
351,4,2,4,48,3,4,116,0
342,3,2,3,47,3,2,102,0
539,4,1,4,55,3,143,270,2
368,4,2,5,45,4,4,117,0
335,4,2,4,45,3,4,108,0
367,4,3,4,58,3,3,119,0
367,3,2,3,51,3,4,116,0
337,3,3,4,47,4,3,112,0
365,4,3,2,44,4,4,112,0
348,3,2,4,45,3,3,109,0
556,4,2,3,49,2,141,251,2
376,5,3,4,50,4,4,116,0
369,2,3,5,51,3,4,114,0
495,3,36,5,96,2,37,231,1
362,4,2,4,49,3,3,122,0
427,5,1,3,54,3,3,129,0
389,4,3,4,50,3,3,115,0
361,3,2,4,46,3,3,109,0
399,6,4,4,54,4,4,138,0
365,4,2,4,50,5,4,119,0
371,5,2,3,44,4,3,116,0
389,5,4,4,45,3,4,115,0
392,4,2,4,47,4,4,114,0
370,3,2,5,51,2,4,115,0
372,4,3,3,53,3,4,121,0
371,5,3,3,51,3,4,121,0
402,5,2,4,50,4,5,137,0
376,5,4,5,50,4,3,121,0
389,4,2,4,48,4,3,109,0
345,3,2,4,50,3,3,113,0
355,4,3,3,45,3,4,111,0
470,4,36,4,90,4,37,226,1
347,3,3,4,45,4,3,111,0
370,6,2,4,56,4,4,128,0
401,4,2,5,56,3,5,134,0
357,4,3,4,50,3,3,118,0
358,2,3,3,54,3,4,110,0
410,4,3,4,47,3,2,114,0
489,4,2,3,40,4,142,247,2
534,6,2,3,41,5,142,253,2
367,3,2,5,38,4,4,109,0
362,3,3,4,53,4,3,122,0
432,4,1,3,49,3,3,120,0
348,4,3,4,44,4,4,113,0
367,4,3,5,46,4,3,117,0
350,3,3,4,45,3,3,111,0
464,3,36,3,86,4,37,213,1
379,4,2,4,53,3,5,123,0
362,4,3,4,45,3,4,112,0
359,3,2,3,41,3,3,103,0
490,3,35,3,90,4,37,225,1
344,3,3,4,47,3,3,107,0
506,4,3,3,47,3,142,250,2
406,3,2,3,60,5,4,129,0
352,4,3,3,40,2,4,105,0
357,4,3,4,44,4,3,109,0
405,5,4,5,58,4,4,142,0
416,5,3,5,48,3,4,129,0
381,3,2,3,41,3,3,107,0
335,4,2,3,41,4,4,106,0
390,5,2,4,41,3,4,108,0
529,5,36,4,95,3,38,246,1
360,3,3,3,52,3,4,120,0
393,3,2,4,59,4,4,127,0
373,4,2,4,49,3,4,111,0
387,3,3,3,51,3,4,116,0
354,4,3,4,48,2,4,111,0
389,5,5,5,53,5,5,135,0
389,5,3,4,51,3,5,131,0
383,5,2,4,48,4,4,111,0
405,7,3,3,51,5,3,128,0
352,4,3,4,53,4,4,121,0
367,5,2,3,40,4,3,109,0
400,6,3,3,48,4,4,133,0
492,3,2,3,46,3,141,245,2
392,5,2,4,50,3,3,124,0
377,5,3,4,49,3,4,123,0
360,3,2,4,42,3,4,111,0
353,4,1,3,47,4,3,111,0
359,3,2,3,44,3,3,108,0
515,4,2,4,51,1,142,258,2
500,2,2,3,49,4,142,249,2
363,4,2,3,46,3,3,121,0
400,4,1,4,50,4,4,133,0
355,3,2,3,41,4,4,103,0
371,3,4,4,42,3,3,111,0
378,5,2,3,44,4,3,115,0
388,4,2,4,47,3,4,114,0
353,4,3,3,57,3,3,125,0
371,4,3,5,54,3,4,125,0
374,5,3,5,47,4,3,122,0
349,3,3,4,45,4,4,112,0
387,6,3,4,63,4,4,138,0
364,4,3,3,49,3,4,112,0
356,4,3,2,53,3,4,118,0
370,3,2,4,42,4,4,111,0
353,3,3,4,46,3,4,114,0
354,3,2,3,46,2,4,113,0
476,3,36,4,87,3,36,214,1
485,3,3,3,39,3,141,239,2
369,3,2,5,49,4,4,117,0
381,3,3,3,49,4,3,115,0
440,5,3,4,55,4,3,145,0
337,3,3,4,48,4,4,116,0
495,4,3,4,44,3,141,246,2
393,4,2,3,45,4,5,114,0
565,7,2,4,46,3,143,269,2
356,3,3,3,41,4,3,106,0
467,3,36,3,87,4,36,216,1
486,4,36,3,89,5,37,229,1
351,4,3,4,41,4,3,105,0
373,3,3,4,51,5,3,124,0
390,3,2,4,42,3,4,101,0
367,3,3,4,44,3,3,114,0
385,4,4,4,53,4,3,121,0
482,5,36,4,90,4,37,224,1
376,3,3,4,46,4,4,113,0
383,4,4,3,56,3,5,126,0
503,4,3,4,36,3,141,246,2
459,3,37,4,84,3,38,218,1
498,4,3,4,42,4,142,246,2
427,4,2,5,50,3,4,127,0
367,3,2,4,45,3,3,110,0
468,4,35,4,85,4,37,217,1
339,5,3,3,42,3,4,105,0
348,3,3,4,43,3,3,106,0
359,3,2,4,48,3,7,115,0
349,3,3,3,47,4,4,113,0
450,4,35,3,83,4,37,218,1
525,12,35,3,95,4,37,249,1
527,5,3,3,43,4,144,265,2
365,3,2,3,49,4,4,105,0
366,5,2,3,49,3,4,113,0
354,4,3,5,51,4,3,118,0
494,5,35,4,88,4,37,225,1
405,5,3,3,52,3,3,122,0
383,2,2,3,53,3,3,114,0
506,3,3,5,51,3,141,259,2
473,3,35,3,83,4,37,207,1
385,4,3,4,56,4,4,124,0
498,4,3,4,49,4,142,254,2
351,4,2,3,46,4,4,112,0
371,2,2,4,49,3,3,110,0
342,2,3,5,46,4,4,110,0
508,5,35,4,90,3,37,237,1
366,3,3,3,55,3,4,120,0
377,5,3,3,53,3,3,124,0
500,3,3,4,43,4,142,247,2
428,5,2,3,49,4,4,139,0
499,3,3,4,47,3,141,248,2
373,3,2,3,44,3,3,121,0
479,4,36,4,87,2,36,227,1
492,4,37,4,92,4,37,230,1
389,3,3,3,54,3,3,124,0
368,3,2,4,48,3,4,107,0
357,4,3,3,38,2,3,96,0
369,3,2,3,48,3,3,112,0
353,4,2,4,42,3,4,117,0
380,5,3,4,50,4,4,121,0
510,3,4,5,54,3,142,265,2
369,3,2,3,44,2,3,112,0
381,5,2,3,47,5,3,114,0
424,6,3,3,56,4,4,137,0
369,5,3,5,54,3,3,125,0
357,4,2,4,52,4,4,119,0
350,4,3,4,45,7,4,120,0
368,3,2,4,44,4,3,109,0
363,3,1,3,43,4,4,108,0
387,3,2,3,44,3,4,105,0
533,4,3,4,50,4,142,267,2
380,6,3,4,50,3,3,118,0
382,4,4,4,49,7,3,127,0
381,4,2,4,44,4,4,112,0
496,4,3,4,47,3,141,253,2
476,4,36,4,93,3,37,227,1
374,5,4,4,46,3,3,116,0
493,4,36,4,94,2,37,221,1
339,3,3,5,47,3,3,111,0
361,5,2,3,43,2,3,109,0
501,3,3,4,53,4,142,252,2
415,6,3,4,52,3,4,134,0
450,7,3,5,54,4,4,138,0
339,4,2,4,43,2,3,103,0
371,4,1,3,49,3,4,112,0
351,3,3,5,43,4,3,112,0
347,4,2,2,39,2,4,105,0
365,4,2,3,47,4,4,110,0
373,4,2,4,53,4,4,118,0
356,3,2,4,47,4,3,116,0
417,3,3,4,47,4,3,114,0
344,3,2,3,48,3,3,107,0
508,4,2,4,56,6,142,265,2
386,5,2,4,55,4,3,126,0
479,4,35,4,84,3,37,220,1
379,4,3,4,49,4,3,127,0
365,4,2,4,48,4,4,110,0
500,3,3,4,47,4,142,257,2
455,4,3,4,57,3,3,131,0
375,3,2,4,50,4,4,120,0
505,5,2,3,42,3,143,245,2
422,5,5,5,57,3,4,141,0
481,4,35,5,92,4,37,227,1
404,5,2,5,52,4,4,135,0
475,5,36,4,95,2,35,226,1
348,3,3,4,44,3,3,111,0
401,4,3,5,51,4,4,126,0
361,4,3,4,55,3,3,120,0
395,3,3,4,45,4,5,116,0
417,6,1,2,45,3,3,122,0
335,4,2,3,40,4,4,109,0
530,3,2,5,57,5,141,263,2
368,4,3,4,43,3,4,108,0
358,4,3,3,47,4,2,110,0
357,4,2,3,44,3,4,109,0
347,3,2,3,42,3,4,108,0
379,3,2,3,46,3,4,109,0
353,3,3,3,51,3,4,116,0
419,6,2,3,57,6,4,145,0
356,3,2,4,44,3,4,111,0
356,3,3,4,53,2,3,114,0
469,4,36,3,89,4,37,222,1
358,4,3,4,44,3,4,109,0
432,6,3,4,57,4,5,144,0
447,5,4,4,54,5,4,141,0
369,3,3,5,54,3,3,122,0
362,4,2,4,48,3,3,113,0
510,4,3,3,46,4,143,253,2
435,6,3,5,57,4,6,145,0
367,5,2,3,47,2,4,115,0
510,4,3,3,47,4,143,255,2
376,3,2,3,49,3,4,113,0
367,3,3,4,51,4,4,121,0
453,4,35,4,87,2,37,218,1
366,5,3,4,49,3,4,114,0
364,4,2,4,46,3,4,115,0
378,5,3,3,42,3,3,112,0
349,3,2,3,48,3,4,109,0
398,5,2,4,50,3,4,130,0
371,3,3,4,48,3,3,110,0
405,4,3,4,49,4,4,132,0
360,3,2,3,48,4,4,116,0
502,4,2,3,43,3,142,245,2
466,3,37,4,86,4,36,222,1
369,3,3,5,54,3,4,123,0
358,5,2,3,47,4,4,114,0
454,3,36,4,84,3,39,218,1
509,6,35,4,99,4,37,243,1
363,4,2,3,47,3,4,109,0
395,6,3,5,51,4,5,137,0
421,4,3,4,49,4,4,120,0
497,5,3,4,45,4,142,251,2
481,3,36,4,91,3,37,226,1
507,4,2,3,56,2,142,258,2
381,5,4,5,52,3,3,121,0
369,4,2,4,45,4,4,110,0
373,5,4,5,48,4,4,115,0
368,3,3,4,48,3,3,106,0
355,5,3,4,46,3,4,119,0
387,3,2,2,45,2,4,99,0
355,3,2,4,50,3,3,114,0
404,4,3,3,41,2,4,113,0
387,6,2,4,57,4,6,133,0
415,5,4,5,51,4,4,142,0
367,4,3,4,46,4,4,117,0
483,4,35,4,96,3,36,227,1
371,4,2,3,43,3,4,104,0
370,4,2,4,45,4,4,117,0
359,6,2,4,44,3,4,110,0
370,4,3,5,52,3,3,117,0
363,4,3,3,52,4,4,123,0
346,4,2,3,45,4,4,113,0
492,6,2,4,50,3,142,252,2
356,4,3,4,49,3,4,113,0
371,3,2,4,45,4,4,106,0
490,3,2,5,53,3,142,262,2
367,4,2,4,47,3,3,119,0
423,3,2,3,43,3,3,106,0
522,4,3,4,50,4,142,258,2
391,4,3,2,51,3,4,121,0
478,3,35,3,94,3,37,228,1
398,5,4,4,62,2,3,131,0
361,3,3,3,43,4,4,107,0
388,5,3,3,47,4,4,118,0
360,3,2,4,49,4,4,114,0
353,5,2,3,51,3,4,116,0
370,4,3,4,57,4,4,127,0
355,5,2,3,49,3,4,114,0
535,5,3,4,59,3,142,283,2
356,3,2,3,43,3,3,109,0
485,5,36,2,90,2,37,234,1
353,3,3,4,48,3,3,117,0
374,4,3,4,47,4,3,115,0
333,4,3,4,45,3,2,105,0
395,4,3,5,56,4,3,137,0
343,4,4,3,43,4,3,110,0
369,6,3,4,53,3,4,120,0
381,3,3,4,52,3,4,122,0
456,4,35,3,87,3,36,210,1
381,4,3,3,54,4,4,122,0
367,5,2,4,43,2,3,110,0
346,3,3,3,44,4,4,106,0
373,4,2,4,53,3,4,115,0
348,4,2,3,49,3,3,111,0
499,3,3,4,41,5,142,248,2
361,3,2,3,52,3,3,113,0
473,4,36,4,94,4,37,230,1
380,5,3,4,52,4,4,127,0
415,6,4,5,60,5,4,151,0
381,4,3,4,55,3,4,118,0
354,4,2,3,44,3,4,105,0
548,5,3,5,52,4,143,271,2
385,5,4,5,55,3,4,135,0
366,6,2,3,46,3,4,115,0
356,4,2,4,45,3,4,113,0
357,4,3,4,47,4,3,113,0
511,4,3,3,47,4,142,252,2
505,4,2,5,56,3,141,262,2
372,4,3,3,58,4,4,131,0
390,4,2,3,50,3,3,124,0
384,3,3,5,54,4,4,124,0
336,3,2,4,42,3,4,113,0
401,5,3,3,50,4,4,138,0
499,7,2,4,46,4,142,254,2
356,4,3,4,54,4,3,118,0
532,4,3,3,57,4,142,270,2
356,3,3,4,49,3,3,113,0
516,6,2,4,45,3,142,251,2
359,3,3,5,52,3,4,113,0
370,3,3,4,48,4,4,114,0
390,4,3,4,51,4,4,118,0
353,4,2,3,48,4,3,116,0
507,4,2,4,43,3,141,247,2
377,3,3,4,49,3,4,117,0
379,5,4,3,50,3,3,123,0
521,4,2,3,49,4,142,264,2
487,4,36,4,93,4,37,228,1
374,5,3,4,49,4,3,121,0
474,4,36,4,95,2,37,229,1
461,3,35,3,86,3,36,217,1
368,4,3,5,51,3,3,117,0
364,4,3,5,50,4,4,121,0
505,6,36,3,90,3,42,237,1
377,4,2,3,46,3,4,110,0
360,4,3,4,47,3,3,113,0
511,5,36,4,88,4,37,235,1
388,4,3,3,48,3,4,114,0
345,3,2,4,48,3,3,112,0
375,3,2,3,42,4,4,104,0
359,3,3,3,47,3,4,113,0
346,3,3,4,40,4,3,100,0
412,6,4,3,49,4,7,141,0
346,3,3,4,48,3,3,110,0
490,3,35,4,96,6,36,232,1
416,6,3,4,59,5,4,145,0
384,4,3,4,48,3,4,119,0
418,5,3,3,52,4,5,136,0
403,7,3,3,55,4,3,141,0
488,3,2,4,40,4,140,236,2
494,4,2,3,45,3,141,250,2
371,5,2,4,46,3,3,117,0
337,5,2,5,39,4,4,106,0
367,4,3,4,48,3,4,112,0
391,5,3,4,48,4,4,119,0
370,3,3,4,51,3,3,118,0
372,2,3,4,53,3,3,117,0
353,4,2,3,52,4,3,114,0
485,3,1,4,47,3,142,248,2
560,4,36,3,92,4,38,240,1
493,3,1,4,49,4,142,256,2
523,4,4,4,48,3,142,257,2
370,3,2,4,49,4,2,115,0
471,4,36,4,89,4,37,220,1
357,4,3,3,48,3,4,120,0
360,4,2,3,48,3,4,114,0
351,4,2,3,48,4,3,111,0
385,3,2,4,46,4,4,108,0
403,4,3,3,53,4,4,133,0
365,3,3,4,50,2,4,113,0
367,4,3,4,49,3,4,123,0
379,4,2,4,46,3,4,112,0
389,6,3,3,48,3,4,127,0
512,5,3,4,44,5,141,253,2
363,2,2,3,52,4,4,118,0
364,5,2,4,54,3,3,121,0
370,4,2,5,51,3,4,122,0
363,3,2,3,43,6,3,108,0
435,5,3,5,58,2,4,136,0
359,2,2,3,50,4,4,112,0
384,4,2,3,55,4,4,126,0
468,4,36,4,86,3,36,219,1
353,4,2,4,45,3,4,108,0
480,4,35,4,90,3,37,227,1
369,4,3,4,52,3,2,115,0
353,3,2,3,44,4,4,104,0
557,3,2,4,44,3,141,244,2
371,4,2,4,49,4,4,116,0
378,4,3,4,54,4,4,121,0
395,4,2,4,54,4,4,134,0
519,3,2,4,52,3,141,255,2
362,4,3,4,48,4,3,116,0
505,4,3,5,44,3,141,251,2
358,3,2,4,46,4,4,109,0
396,3,3,4,47,4,4,121,0
387,5,3,4,52,4,4,123,0
432,4,2,3,49,4,5,124,0
382,4,3,3,50,4,4,113,0
383,3,2,4,49,4,4,118,0
383,5,3,5,53,3,3,126,0
463,4,35,3,92,3,37,226,1
460,5,2,3,52,3,5,129,0
475,3,35,3,93,23,36,245,1
458,2,35,3,85,3,36,219,1
353,4,3,4,44,4,5,111,0
365,6,3,3,44,4,3,116,0
348,4,3,4,43,3,4,109,0
376,4,2,3,46,7,4,112,0
385,4,3,4,48,3,4,117,0
371,4,3,4,48,4,3,117,0
352,5,3,4,42,3,4,115,0
373,4,2,2,49,3,4,109,0
522,4,2,3,47,3,142,251,2
343,3,2,4,47,4,3,112,0
328,4,2,3,41,3,4,101,0
381,4,3,4,54,3,3,124,0
363,6,3,4,53,3,2,121,0
504,5,3,4,46,4,141,253,2
387,4,2,4,53,3,4,124,0
351,4,2,3,53,4,4,120,0
358,4,3,4,49,4,3,121,0
367,3,2,4,42,3,3,104,0
358,4,3,4,47,4,4,110,0
354,2,2,4,44,4,4,111,0
411,6,4,5,61,5,4,153,0
350,4,3,3,50,3,3,113,0
380,4,4,4,54,4,4,124,0
358,3,2,4,48,4,4,110,0
380,3,2,3,49,4,3,114,0
400,5,3,4,54,4,4,122,0
513,3,4,5,55,4,141,262,2
422,4,3,4,52,3,4,133,0
378,3,2,3,52,3,4,113,0
414,6,3,4,49,4,3,134,0
470,4,35,4,89,3,37,231,1
355,4,3,4,48,3,4,117,0
367,4,2,4,42,4,3,115,0
380,4,2,3,53,3,4,121,0
395,5,3,3,52,4,4,142,0
358,5,3,3,46,4,5,110,0
514,5,3,4,45,3,142,251,2
462,3,35,3,90,3,36,217,1
368,4,3,4,45,3,4,110,0
374,2,2,3,48,2,2,100,0
379,3,3,4,49,3,4,115,0
390,5,3,5,49,4,3,128,0
358,3,3,5,49,3,4,116,0
490,4,37,4,93,3,37,231,1
456,3,36,4,88,3,37,219,1
512,4,3,3,47,4,142,251,2
376,4,3,4,53,3,3,120,0
364,4,2,4,42,4,4,109,0
377,5,3,3,45,4,3,116,0
366,3,3,5,49,3,4,118,0
386,3,3,4,53,4,3,120,0
486,4,36,3,85,3,37,228,1
490,5,36,4,92,4,37,228,1
359,3,4,4,56,3,3,125,0
380,4,2,4,46,4,3,119,0
357,3,3,4,44,3,3,107,0
424,5,3,4,60,5,5,143,0
366,5,2,3,48,4,3,121,0
383,5,3,4,57,3,3,136,0
504,3,2,4,44,3,142,247,2
535,3,2,3,43,3,142,245,2
402,7,4,4,59,4,3,134,0
361,2,3,4,49,3,3,121,0
357,4,3,5,53,4,4,121,0
374,3,2,3,47,3,4,111,0
359,4,2,4,48,3,3,112,0
403,6,3,4,58,3,4,142,0
413,4,2,4,55,3,4,124,0
386,4,2,4,44,3,3,112,0
371,3,2,4,51,3,3,116,0
358,4,2,4,47,3,4,118,0
495,5,37,4,87,3,37,223,1
333,4,2,3,38,3,3,98,0
364,3,3,5,52,3,3,122,0
550,5,3,4,47,3,142,253,2
363,5,3,4,47,3,3,116,0
383,4,1,3,45,3,3,111,0
351,3,2,4,51,3,4,114,0
541,5,3,5,49,4,142,281,2
437,6,2,3,51,4,4,136,0
357,3,3,4,49,3,4,117,0
374,4,2,4,48,4,4,117,0
499,4,3,5,49,4,141,255,2
513,5,3,4,41,4,142,248,2
492,5,36,4,89,4,37,226,1
389,3,3,3,45,4,4,107,0
364,2,2,4,57,2,4,119,0
379,5,2,4,53,3,4,125,0
477,4,35,4,91,3,37,232,1
493,4,36,4,92,3,37,227,1
369,4,2,4,44,4,7,113,0
371,5,2,4,44,3,4,110,0
377,4,3,4,51,3,4,119,0
376,5,3,3,55,3,4,119,0
361,4,3,5,43,3,3,103,0
376,4,3,4,48,4,3,119,0
505,4,36,4,95,2,37,228,1
357,5,3,4,44,3,5,112,0
371,3,3,3,53,3,3,117,0
452,4,36,4,93,4,37,225,1
361,2,3,5,51,3,4,112,0
394,4,2,3,46,4,4,109,0
365,2,3,4,49,3,3,117,0
345,4,3,5,51,3,4,121,0
529,6,3,4,54,4,141,264,2
407,4,3,4,59,5,3,135,0
328,4,2,3,41,3,2,103,0
355,3,2,3,44,3,3,109,0
546,5,2,5,53,4,141,273,2
521,5,36,4,97,3,37,233,1
368,4,3,4,57,4,4,127,0
373,3,3,4,59,3,3,124,0
497,4,36,5,100,3,36,237,1
471,4,35,3,90,4,37,221,1
350,3,2,3,49,4,4,121,0
354,3,1,3,43,3,3,103,0
361,3,3,4,47,8,3,118,0
402,5,3,5,43,3,4,113,0
362,3,2,4,50,3,4,103,0
517,4,3,3,55,3,142,258,2
372,4,3,4,54,4,4,125,0
410,6,4,5,53,4,5,141,0
365,4,3,4,46,4,2,112,0
378,6,2,4,42,3,4,112,0
376,6,3,4,44,4,4,119,0
359,4,3,3,37,2,4,101,0
393,6,3,4,53,4,4,127,0
394,3,3,3,36,3,3,100,0
415,8,3,5,53,4,6,150,0
474,4,36,3,88,2,37,219,1
358,5,3,4,48,3,3,116,0
371,3,3,3,42,3,4,104,0
375,5,2,3,43,4,4,113,0
419,5,3,4,56,4,5,147,0
366,4,2,3,49,3,4,118,0
383,5,3,3,54,4,3,118,0
360,4,3,5,53,3,4,119,0
468,4,36,4,85,3,36,216,1
456,3,35,4,85,3,37,225,1
371,4,3,4,51,4,4,120,0
386,4,4,5,47,3,3,115,0
365,5,3,4,50,3,4,113,0
387,5,3,3,44,4,4,131,0
365,5,3,4,49,4,3,118,0
375,4,3,3,50,6,4,124,0
361,3,3,4,53,3,3,118,0
389,4,5,5,49,3,3,117,0
361,3,3,4,45,3,3,107,0
386,4,3,4,50,4,3,117,0
361,7,3,3,43,4,4,116,0
355,3,2,4,52,4,3,118,0
351,5,2,4,45,4,3,111,0
361,4,3,4,50,4,3,118,0
364,3,2,3,48,4,3,116,0
486,5,3,4,46,3,142,250,2
500,8,3,4,45,4,142,258,2
363,4,2,3,51,3,4,118,0
365,4,2,4,54,3,4,120,0
385,3,3,3,53,2,4,120,0
387,3,3,3,50,4,3,115,0
486,5,36,4,86,3,37,223,1
366,3,3,3,50,3,3,118,0
384,3,3,4,39,3,3,105,0
366,4,3,4,47,5,3,113,0
357,4,2,4,43,4,4,116,0
358,3,2,4,50,3,4,117,0
355,4,3,5,53,3,4,119,0
363,3,3,3,46,3,5,114,0
413,4,3,3,49,3,4,117,0
367,3,3,4,44,3,4,109,0
472,4,36,3,84,3,37,220,1
379,4,2,4,46,2,4,115,0
404,3,3,3,49,4,3,114,0
366,4,3,4,50,3,3,123,0
357,5,3,3,51,3,4,121,0
496,4,3,5,49,4,143,259,2
403,5,3,4,49,4,3,116,0
365,3,2,4,41,4,4,107,0
363,5,2,3,44,4,3,108,0
359,4,4,4,49,3,4,123,0
359,3,2,3,46,3,3,107,0
405,5,3,4,50,7,5,140,0
390,5,3,3,49,4,3,133,0
378,3,2,3,43,3,3,109,0
404,6,3,4,56,3,4,146,0
459,4,36,3,87,3,36,221,1
392,4,3,3,47,3,4,108,0
350,9,3,3,52,4,3,125,0
498,3,2,4,52,4,142,255,2
380,4,3,4,56,3,4,124,0
401,6,2,3,53,4,6,132,0
352,3,2,3,48,3,4,113,0
359,5,2,4,46,4,4,114,0
441,6,4,5,60,4,5,157,0
361,2,3,3,48,4,3,112,0
351,6,2,3,42,4,3,106,0
465,6,36,4,88,4,36,220,1
561,6,2,5,55,5,142,279,2
355,4,3,4,43,3,3,110,0
423,6,4,5,59,5,4,144,0
395,5,5,5,50,4,4,127,0
391,4,2,4,54,3,3,121,0
365,4,2,3,43,3,4,106,0
345,4,3,4,43,3,3,110,0
349,3,2,3,57,4,3,120,0
503,3,3,4,46,3,142,248,2
385,4,2,4,54,4,3,128,0
358,5,3,5,52,4,4,125,0
380,4,3,3,46,3,3,112,0
491,4,3,4,50,4,142,254,2
526,3,36,4,112,3,38,262,1
372,4,3,3,57,3,4,127,0
411,5,4,6,57,5,4,145,0
509,3,3,2,49,4,141,252,2
378,4,3,4,51,4,4,119,0
579,5,37,4,106,3,37,253,1
457,4,35,4,82,4,37,218,1
364,5,3,4,50,4,4,123,0
480,5,36,4,101,4,36,240,1
376,3,3,5,41,3,5,108,0
464,3,35,4,88,4,36,218,1
353,3,2,4,43,2,4,109,0
348,3,2,4,47,3,3,112,0
379,4,2,4,52,4,3,125,0
403,4,2,4,50,4,3,116,0
353,6,2,2,45,4,3,111,0
350,4,3,4,48,3,4,118,0
475,5,35,5,93,3,37,229,1
480,4,36,3,88,3,37,226,1
471,3,36,5,107,3,36,239,1
359,3,3,4,52,3,4,119,0
383,8,2,5,48,3,4,118,0
420,9,3,5,62,5,4,156,0
366,5,2,3,46,4,3,109,0
436,6,3,3,59,4,5,152,0
363,3,3,3,46,3,3,115,0
383,3,3,4,51,3,3,123,0
378,4,3,3,48,3,3,115,0
407,5,3,3,45,4,5,129,0
373,4,3,4,53,4,4,118,0
353,4,3,4,46,4,3,114,0
550,5,4,5,56,4,143,276,2
348,4,2,3,42,3,3,107,0
366,3,2,5,48,3,4,116,0
406,4,3,3,53,3,4,133,0
373,4,3,4,52,3,3,115,0
370,3,3,4,50,3,2,105,0
470,3,36,3,82,3,37,212,1
352,4,2,3,41,3,3,102,0
389,4,2,2,57,3,3,123,0
367,5,3,3,50,3,3,113,0
352,4,2,4,44,3,3,111,0
386,4,3,4,50,4,3,113,0
407,4,3,3,56,4,3,135,0
368,4,2,4,47,3,4,111,0
350,3,3,4,54,3,4,121,0
374,4,3,3,49,5,4,116,0
360,3,2,4,46,3,4,112,0
363,4,2,4,44,3,3,111,0
475,3,35,4,89,3,36,223,1
372,5,2,3,47,5,4,120,0
358,4,3,4,44,3,5,105,0
477,5,35,3,91,8,39,233,1
522,3,2,3,53,3,140,255,2
537,4,3,4,49,3,142,265,2
379,4,2,4,49,3,4,115,0
372,4,2,4,45,3,4,110,0
355,2,3,3,50,4,3,113,0
356,4,3,3,50,3,5,120,0
375,3,3,5,54,4,4,124,0
357,4,2,3,47,3,4,108,0
380,4,3,4,55,4,4,136,0
382,5,3,4,53,3,4,124,0
375,3,2,8,49,3,4,114,0
344,3,3,3,42,3,3,102,0
369,5,3,4,50,4,4,121,0
365,3,3,3,46,3,3,105,0
364,6,2,4,39,3,3,106,0
354,3,4,4,48,3,4,116,0
360,5,4,4,48,4,4,119,0
372,3,3,3,46,3,3,113,0
371,4,3,4,47,5,3,115,0
347,4,3,4,49,4,3,115,0
330,3,3,4,47,4,5,112,0
363,4,2,3,44,4,3,111,0
415,5,3,4,49,4,5,131,0
364,5,3,4,51,3,4,117,0
340,3,2,4,40,2,4,99,0
416,5,2,3,53,5,5,136,0
375,7,3,5,63,2,4,128,0
507,5,36,3,96,4,37,236,1
523,4,2,3,46,3,142,253,2
386,5,2,3,40,2,4,106,0
498,5,3,5,38,4,142,248,2
358,4,2,4,35,3,4,102,0
354,3,3,3,53,4,4,120,0
511,3,3,3,49,4,142,253,2
392,4,2,4,51,4,4,122,0
365,5,2,4,45,3,3,111,0
419,5,3,4,56,4,3,140,0
350,3,3,3,49,4,4,109,0
526,4,2,4,41,3,142,242,2
351,3,3,4,48,3,3,112,0
371,4,3,4,51,3,3,116,0
370,4,3,4,56,3,3,125,0
355,2,3,4,43,4,3,106,0
346,5,2,4,45,2,3,109,0
544,3,3,4,42,3,142,250,2
511,4,2,4,52,3,143,261,2
365,4,2,3,50,4,4,114,0
354,3,3,3,46,4,3,107,0
392,5,3,4,53,3,4,141,0
488,5,35,4,96,3,36,227,1
495,4,35,3,95,3,38,230,1
369,4,2,5,46,4,3,109,0
357,3,2,4,45,3,3,106,0
366,2,2,4,50,4,4,116,0
372,3,3,4,53,4,4,122,0
414,6,3,4,60,4,4,149,0
358,4,3,2,59,3,3,124,0
360,4,2,5,45,4,4,112,0
363,4,3,3,48,4,4,116,0
534,5,3,4,54,4,141,260,2
401,5,2,4,56,4,5,134,0
372,5,2,4,45,3,4,113,0
376,4,4,4,48,3,4,118,0
366,5,2,4,53,3,5,122,0
364,3,3,4,49,3,5,114,0
502,3,36,4,85,3,36,217,1
410,4,3,4,46,4,4,111,0
352,3,2,3,48,4,2,109,0
546,4,3,4,58,4,144,273,2
351,4,3,4,49,4,4,121,0
372,3,2,2,54,3,3,119,0
366,4,3,4,49,3,4,117,0
404,12,2,3,42,4,5,126,0
522,3,2,4,48,3,141,249,2
533,5,36,5,100,4,38,256,1
367,4,2,3,45,4,4,113,0
354,3,3,2,46,3,3,106,0
418,5,3,4,53,4,3,125,0
376,4,3,4,42,4,4,108,0
376,4,3,4,45,3,3,111,0
367,4,3,4,49,3,4,116,0
364,3,2,3,50,3,3,118,0
460,4,36,4,89,4,36,222,1
404,6,3,4,52,4,5,134,0
367,3,3,5,51,4,4,119,0
360,3,3,4,47,4,5,115,0
535,4,36,4,86,3,37,219,1
376,3,3,4,52,3,4,121,0
361,3,3,4,52,2,4,120,0
384,3,2,4,45,3,4,106,0
356,4,2,4,49,4,4,117,0
394,5,3,5,48,5,4,135,0
378,4,2,4,50,4,4,122,0
405,5,3,4,56,4,5,140,0
370,5,3,4,51,4,4,125,0
358,5,2,4,50,4,3,119,0
371,4,2,4,51,3,4,118,0
382,6,2,3,55,3,3,129,0
380,5,3,4,54,4,3,122,0
508,5,3,4,50,3,141,254,2
348,4,5,5,52,3,3,128,0
371,3,2,4,47,4,3,115,0
444,5,3,4,45,4,5,127,0
348,3,3,4,40,3,3,107,0
362,6,2,3,41,3,4,111,0
369,3,3,4,48,2,3,114,0
363,4,3,3,51,3,4,121,0
371,4,3,3,47,5,3,116,0
507,4,2,4,44,3,142,250,2
375,5,2,4,43,3,4,114,0
396,6,2,4,56,4,4,128,0
374,4,3,4,48,4,3,114,0
365,3,3,4,51,3,3,119,0
422,3,2,4,47,4,4,112,0
358,3,2,4,47,3,4,115,0
344,4,4,5,51,4,3,120,0
356,4,2,4,46,3,3,110,0
498,4,3,5,50,3,142,258,2
342,5,3,4,45,4,4,111,0
494,4,36,4,93,4,37,231,1
483,4,36,3,88,4,37,222,1
359,3,2,4,43,4,4,103,0
566,5,3,3,53,4,142,275,2
367,3,3,4,45,4,4,112,0
355,4,2,3,44,4,4,112,0
359,4,2,4,44,3,4,109,0
466,4,37,3,92,4,37,228,1
347,4,3,3,42,3,3,105,0
369,3,2,4,49,3,3,115,0
355,4,3,4,38,3,4,102,0
575,9,3,4,45,3,142,257,2
366,4,2,4,47,4,3,107,0
417,6,3,3,55,4,5,143,0
337,3,2,3,51,3,3,112,0
341,3,2,3,41,3,3,106,0
367,3,3,4,46,4,3,115,0
354,4,4,3,50,4,4,116,0
408,7,2,3,48,3,7,137,0
372,3,3,4,49,4,4,119,0
377,3,3,5,47,3,3,114,0
388,5,2,4,52,3,3,120,0
386,5,2,4,48,3,3,125,0
355,3,3,3,46,3,3,112,0
466,3,36,3,85,4,37,215,1
352,3,2,3,40,4,3,108,0
377,4,2,4,55,3,4,127,0
362,4,3,3,38,3,4,106,0
382,3,2,3,51,4,4,119,0
383,4,3,4,54,2,3,116,0
376,5,3,4,44,4,3,111,0
366,4,3,3,48,3,3,116,0
372,4,3,3,47,4,4,114,0
360,4,2,4,47,3,4,112,0
352,4,2,4,54,3,3,119,0
532,4,4,4,55,3,142,260,2
367,4,2,4,47,3,4,115,0
380,3,2,4,51,3,3,118,0
495,3,3,5,50,3,142,260,2
385,4,3,4,46,3,4,123,0
349,3,3,5,49,3,3,112,0
414,5,3,3,51,7,5,141,0
462,4,36,4,89,2,37,221,1
372,6,2,4,51,3,3,120,0
498,3,3,4,51,3,142,257,2
393,7,4,5,55,3,4,130,0
343,4,3,4,46,4,4,116,0
357,4,3,3,46,3,3,114,0
455,4,37,2,89,4,37,223,1
357,4,3,4,47,3,3,109,0
362,4,2,3,42,3,3,105,0
382,3,3,3,43,3,4,107,0
378,4,3,4,51,3,4,125,0
368,5,3,4,45,5,4,115,0
533,5,3,4,55,4,142,262,2
352,4,4,3,48,3,3,113,0
337,3,2,4,43,3,3,103,0
361,5,3,3,51,3,3,116,0
418,6,3,4,56,5,5,145,0
374,3,2,4,53,4,4,117,0
431,3,2,3,45,3,4,112,0
373,4,3,5,55,4,4,124,0
382,5,3,3,47,4,4,114,0
404,10,2,4,55,3,5,137,0
358,4,2,4,47,3,4,108,0
342,2,2,4,46,3,3,106,0
350,3,2,4,44,4,3,106,0
504,3,3,3,38,3,142,248,2
376,4,3,4,59,3,4,126,0
348,4,2,3,46,3,4,111,0
490,4,3,4,52,3,143,261,2
338,4,3,4,48,3,3,111,0
379,4,3,4,42,4,4,109,0
450,12,4,5,58,5,6,159,0
370,3,2,3,44,3,3,109,0
370,3,3,4,45,2,4,111,0
488,3,35,4,83,2,37,217,1
395,7,3,3,52,3,3,129,0
601,5,3,4,48,4,143,274,2
362,5,3,5,49,4,4,122,0
377,5,2,3,49,4,4,120,0
368,4,2,4,48,3,4,116,0
347,3,2,3,44,3,4,111,0
326,2,2,3,38,3,2,97,0
400,5,2,3,49,4,3,127,0
367,4,3,3,46,4,4,116,0
488,5,36,4,93,3,36,228,1
373,3,3,4,43,4,4,104,0
368,3,2,4,46,3,4,109,0
378,5,3,4,46,4,4,114,0
357,4,3,3,45,4,4,113,0
380,4,3,4,58,3,5,132,0
352,4,2,3,43,4,4,110,0
375,4,2,4,49,3,4,113,0
352,5,2,4,46,3,4,117,0
384,4,3,3,49,3,4,115,0
364,4,2,4,46,4,4,112,0
474,6,37,3,86,4,37,222,1
349,3,2,3,47,4,4,114,0
348,3,2,3,44,3,3,107,0
352,4,2,4,49,5,3,115,0
476,4,35,3,89,3,37,213,1
490,5,36,4,84,4,36,219,1
365,4,3,3,44,3,3,110,0
367,4,3,4,49,3,3,117,0
364,4,3,3,53,3,4,118,0
345,3,4,5,46,3,3,118,0
425,6,3,5,61,4,4,147,0
366,4,2,4,45,4,5,112,0
357,4,3,4,50,2,4,113,0
376,4,3,4,45,4,3,115,0
371,4,3,5,52,3,3,125,0
522,5,3,3,53,4,143,260,2
379,4,3,3,51,4,3,118,0
344,4,3,3,48,4,3,113,0
381,7,3,4,52,4,4,118,0
397,4,3,5,51,4,4,123,0
419,5,3,2,50,4,4,131,0
391,6,2,5,45,4,5,136,0
384,5,3,5,50,3,4,119,0
363,4,3,3,43,3,4,110,0
376,3,3,3,50,3,3,118,0
371,4,3,4,54,3,3,120,0
398,5,2,4,57,3,5,136,0
344,5,2,4,50,3,3,114,0
375,4,2,4,51,4,4,120,0
360,4,2,3,51,4,4,110,0
372,4,3,4,49,4,4,120,0
501,2,1,2,45,3,141,245,2
383,4,2,4,52,4,5,119,0
362,5,2,4,43,4,6,115,0
391,4,3,5,56,4,3,124,0
370,4,3,4,46,3,3,112,0
524,4,3,4,53,4,141,256,2
352,3,2,3,47,4,3,115,0
405,4,3,4,52,4,4,119,0
372,3,2,3,47,3,3,110,0
387,3,2,4,52,2,3,117,0
359,3,2,3,54,4,4,127,0
470,4,36,3,91,4,37,221,1
369,3,3,5,48,4,3,114,0
488,8,35,3,84,3,37,220,1
386,5,3,4,60,4,3,130,0
368,4,2,3,54,3,4,118,0
482,4,36,4,89,3,37,226,1
397,4,3,4,57,4,7,133,0
359,4,2,4,48,4,4,118,0
374,4,3,3,49,4,4,117,0
512,4,4,4,56,4,142,268,2
362,3,2,4,50,3,4,118,0
459,4,36,4,86,3,36,222,1
465,5,36,3,86,3,37,219,1
366,4,2,4,50,4,3,120,0
358,5,2,4,48,4,3,116,0
368,3,3,4,48,3,3,112,0
502,4,2,3,44,2,142,247,2
380,3,2,3,45,4,3,107,0
442,5,3,4,40,5,6,121,0
363,4,3,4,48,4,4,111,0
359,3,3,5,54,4,3,121,0
356,4,2,3,52,3,4,119,0
357,4,2,3,44,4,3,109,0
354,4,3,3,44,4,3,108,0
405,6,3,3,57,5,4,145,0
349,3,2,4,45,4,3,111,0
533,4,2,3,40,3,142,243,2
390,7,2,5,41,5,4,121,0
383,5,3,4,48,4,3,113,0
353,5,4,5,57,3,3,127,0
346,5,3,4,48,3,3,114,0
364,4,3,5,48,3,4,116,0
363,3,2,4,47,3,3,110,0
365,4,3,3,47,4,3,113,0
374,5,3,4,47,3,3,117,0
499,5,3,4,59,3,143,262,2
367,4,2,4,49,3,4,114,0
352,3,3,4,48,3,4,111,0
363,4,3,4,45,4,4,114,0
524,3,2,3,50,3,141,251,2
356,5,2,4,45,4,3,112,0
380,4,4,4,45,4,4,113,0
362,4,2,4,42,3,3,109,0
371,3,2,3,46,3,3,108,0
400,4,3,5,55,4,3,124,0
389,3,2,4,58,4,3,123,0
397,13,2,3,53,5,4,134,0
343,3,3,4,51,4,3,121,0
372,4,4,5,49,4,4,118,0
361,4,3,3,49,4,3,115,0
477,5,35,4,86,3,37,214,1
354,4,3,3,43,3,4,113,0
435,4,2,3,49,4,4,125,0
528,5,36,3,96,4,38,247,1
350,4,2,3,43,3,3,109,0
381,4,3,4,48,4,4,122,0
362,5,2,3,42,3,3,108,0
355,3,3,4,45,3,3,110,0
356,3,2,3,48,3,3,110,0
351,4,3,4,51,3,3,122,0
514,6,3,3,50,4,142,255,2
349,4,2,4,53,3,4,126,0
384,4,3,3,45,2,2,106,0
471,4,36,4,81,3,36,218,1
356,4,2,4,47,4,4,112,0
356,4,3,4,43,4,3,109,0
357,5,3,4,58,4,3,127,0
348,4,2,4,47,4,3,106,0
385,4,3,4,52,4,4,121,0
387,4,3,4,53,4,3,124,0
466,4,35,4,82,4,37,222,1
349,4,2,4,41,2,4,108,0
376,5,2,4,45,4,4,113,0
406,5,2,3,51,4,4,131,0
415,6,6,6,49,3,5,136,0
491,2,36,4,93,2,36,223,1
406,6,2,3,58,5,7,144,0
359,4,3,4,44,4,2,111,0
379,5,3,4,50,4,4,120,0
364,3,3,4,49,4,3,116,0
389,2,3,5,51,3,4,120,0
495,5,2,4,46,4,142,249,2
359,3,3,3,47,3,4,113,0
373,4,2,3,47,4,4,111,0
381,3,2,4,46,4,4,108,0
524,6,36,4,100,3,38,247,1
371,3,2,4,46,4,3,115,0
345,4,3,4,49,4,3,115,0
367,3,3,4,53,4,3,119,0
490,4,35,4,83,4,36,224,1
406,4,2,3,50,3,4,121,0
360,4,3,3,45,3,4,112,0
361,4,3,4,51,3,4,118,0
485,3,3,4,43,3,141,239,2
377,4,3,4,48,4,4,115,0
357,4,3,2,43,3,5,110,0
392,3,3,4,52,3,3,113,0
351,4,3,4,46,4,4,113,0
367,4,4,4,54,4,4,123,0
396,4,2,4,49,3,3,114,0
539,9,3,4,56,4,142,273,2
461,3,36,3,81,3,36,216,1
372,4,2,3,46,4,3,107,0
366,5,3,4,51,4,4,119,0
404,5,2,4,46,3,4,123,0
514,3,3,3,45,3,141,245,2
505,4,3,4,54,3,142,265,2
517,5,2,4,53,3,141,258,2
383,4,3,3,43,2,5,108,0
361,4,2,3,45,3,3,109,0
426,5,5,5,56,5,5,165,0
372,5,5,6,56,3,3,128,0
341,4,2,3,49,3,4,114,0
373,4,2,4,49,3,4,113,0
393,5,3,5,53,4,3,136,0
365,3,3,3,49,3,4,120,0
497,3,3,4,45,4,142,248,2
363,5,3,4,50,3,4,125,0
366,4,3,3,49,4,4,120,0
408,5,2,3,44,3,4,127,0
375,4,3,3,55,3,4,122,0
352,5,2,3,37,3,3,106,0
369,5,3,4,49,3,4,118,0
447,4,36,3,81,3,37,214,1
439,5,3,4,61,4,4,144,0
367,4,3,5,53,4,3,121,0
380,3,2,4,54,4,3,121,0
492,4,3,3,45,3,142,253,2
360,4,2,3,49,3,4,117,0
374,3,3,2,57,3,3,124,0
394,6,3,4,57,5,4,145,0
521,6,2,4,49,3,141,265,2
523,4,4,4,57,3,142,266,2
433,5,3,3,54,3,5,134,0
362,4,3,4,43,3,3,113,0
379,4,3,4,52,4,3,124,0
374,4,3,4,51,2,4,120,0
531,3,2,3,47,3,143,274,2
465,4,35,2,93,3,37,223,1
492,3,3,3,45,4,141,249,2
376,4,3,3,51,4,4,119,0
516,3,3,4,51,3,142,256,2
352,5,3,4,50,3,2,116,0
349,3,2,4,50,3,4,117,0
536,4,36,4,94,3,36,230,1
372,3,3,5,46,4,3,111,0
371,4,3,4,53,3,4,126,0
497,5,3,3,46,5,141,254,2
340,4,3,4,46,3,3,108,0
465,4,36,4,95,4,37,228,1
371,4,2,3,43,4,4,109,0
361,3,3,3,49,4,3,113,0
390,4,4,5,53,4,3,124,0
358,5,2,3,49,3,4,115,0
367,4,2,3,45,3,3,114,0
477,4,35,4,93,3,37,232,1
386,4,2,5,51,3,4,122,0
430,5,3,3,55,4,4,125,0
487,3,35,3,92,3,37,227,1
389,4,2,4,48,8,5,128,0
355,4,2,4,49,4,4,114,0
395,4,3,5,55,4,4,123,0
355,4,2,3,47,3,3,110,0
373,5,2,4,48,4,4,117,0
480,4,36,3,87,4,36,218,1
410,5,3,3,64,2,4,147,0
381,6,2,4,49,3,5,125,0
382,3,2,3,51,3,3,115,0
405,5,3,3,52,3,3,132,0
346,3,3,4,51,4,4,119,0
360,3,3,4,50,3,3,117,0
363,4,2,3,41,4,4,101,0
525,5,35,4,89,4,37,238,1
373,4,3,4,48,3,3,115,0
374,3,3,4,51,3,5,121,0
471,4,35,3,96,3,37,226,1
352,3,3,5,49,3,3,122,0
352,3,4,5,50,2,3,115,0
371,3,2,3,65,4,4,128,0
352,3,2,4,46,5,4,118,0
360,3,4,4,50,3,3,123,0
518,4,2,4,46,4,142,250,2
356,3,3,3,48,4,3,115,0
372,5,3,3,56,4,4,127,0
349,4,2,4,46,3,4,114,0
378,3,3,3,48,4,4,108,0
492,3,36,5,95,3,36,229,1
362,4,2,3,42,3,4,108,0
401,4,3,3,52,3,4,118,0
374,4,2,3,52,3,3,115,0
490,4,2,4,47,3,142,251,2
389,4,3,4,57,4,3,126,0
374,4,2,3,44,4,3,114,0
403,6,2,4,50,4,4,138,0
457,3,35,3,87,4,37,218,1
359,5,3,4,45,3,4,116,0
462,3,35,3,89,3,37,219,1
516,3,2,4,48,3,142,251,2
358,3,2,3,47,4,3,114,0
442,6,4,5,58,4,5,154,0
371,4,4,5,52,4,4,126,0
391,4,3,11,48,4,3,125,0
392,5,2,4,54,3,4,123,0
368,4,3,4,53,3,4,124,0
396,5,3,5,58,4,4,140,0
357,6,3,4,43,3,3,110,0
363,4,3,3,41,4,4,104,0
378,3,2,4,53,3,5,120,0
475,2,35,4,85,3,37,212,1
558,11,2,3,47,4,144,282,2
342,3,2,3,49,3,4,115,0
353,3,2,3,43,3,3,109,0
512,3,2,3,48,2,142,254,2
364,3,3,4,44,3,4,113,0
503,2,3,3,55,4,142,259,2
407,4,3,3,51,3,4,132,0
416,4,4,3,51,4,3,135,0
384,4,3,5,52,4,3,125,0
379,6,2,4,52,3,4,121,0
345,3,2,3,39,3,3,106,0
353,3,2,3,45,3,4,109,0
350,4,2,3,47,5,4,111,0
493,3,3,3,54,4,142,259,2
416,5,2,4,51,4,4,131,0
480,4,35,3,87,4,36,218,1
361,3,3,4,45,3,3,110,0
356,4,3,4,37,2,3,101,0
452,4,36,3,85,3,37,218,1
442,3,3,4,52,4,4,119,0
365,4,3,4,55,3,2,121,0
368,3,2,3,54,3,3,119,0
433,6,3,4,57,4,4,138,0
384,3,3,4,56,3,3,123,0
487,4,35,4,86,4,36,217,1
529,6,3,4,47,4,142,259,2
362,5,3,4,47,3,4,115,0
364,5,3,3,52,5,4,118,0
492,3,4,3,53,3,142,254,2
362,4,4,4,53,4,4,122,0
369,4,3,3,53,3,4,120,0
355,3,3,3,55,3,3,116,0
515,3,2,3,51,3,142,254,2
378,5,4,4,48,4,4,132,0
410,5,2,5,49,4,4,122,0
374,5,2,3,49,3,4,128,0
354,4,3,4,48,3,6,116,0
352,3,3,4,52,3,3,116,0
553,5,4,4,54,4,143,273,2
546,4,2,4,59,4,142,268,2
552,5,3,4,47,4,142,250,2
386,4,2,2,51,3,4,114,0
351,3,2,3,45,4,4,103,0
366,3,2,3,53,5,4,115,0
374,4,4,5,53,4,4,124,0
351,3,2,3,47,3,4,108,0
431,5,3,5,63,4,4,151,0
351,4,2,3,45,4,3,110,0
361,4,2,3,46,3,4,109,0
499,4,2,4,48,3,141,247,2
492,3,3,3,47,4,142,250,2
427,4,3,3,50,2,2,137,0
377,3,2,4,46,3,4,132,0
372,4,2,3,47,3,4,112,0
356,3,2,4,48,3,4,115,0
524,4,3,4,57,3,142,265,2
369,3,3,4,46,3,3,110,0
417,5,4,5,61,4,4,149,0
378,3,2,4,50,3,4,114,0
363,3,2,3,44,3,3,108,0
389,4,3,4,54,3,4,123,0
529,6,35,4,101,3,37,240,1
383,4,2,4,50,4,4,128,0
374,4,3,4,48,3,3,111,0
341,4,4,5,51,3,2,114,0
480,3,3,3,43,3,142,243,2
378,4,3,4,54,3,3,119,0
352,3,3,4,51,3,4,120,0
420,6,4,7,54,5,4,144,0
378,4,4,5,55,3,3,123,0
336,3,3,3,47,3,4,112,0
357,3,3,4,49,4,3,114,0
358,4,3,4,46,3,3,116,0
354,3,3,5,51,4,4,119,0
343,4,2,3,45,3,3,104,0
467,3,36,5,92,3,37,225,1
491,4,1,4,43,3,141,248,2
364,3,3,4,54,3,4,118,0
343,3,3,4,55,3,4,119,0
389,6,2,3,52,3,4,130,0
393,5,2,3,52,3,4,129,0
372,6,3,3,53,4,4,122,0
470,4,36,4,94,3,36,225,1
413,5,3,5,50,5,6,134,0
353,4,2,4,47,3,3,113,0
480,4,3,3,45,3,141,250,2
367,3,2,4,48,2,3,116,0
525,4,3,4,45,3,142,249,2
389,5,3,4,52,3,4,119,0
410,6,3,3,52,4,4,130,0
360,4,2,3,45,3,4,111,0
405,5,3,3,46,4,4,133,0
364,3,3,5,45,3,3,115,0
480,6,35,3,93,3,37,236,1
364,5,3,3,46,2,4,112,0
357,4,2,3,45,3,4,110,0
350,4,3,4,47,4,3,111,0
374,4,2,3,51,4,3,127,0
389,3,2,3,54,3,3,121,0
509,3,3,3,46,4,142,250,2
362,3,2,3,44,2,4,110,0
506,4,3,4,50,3,141,260,2
376,2,4,4,51,3,3,114,0
357,5,3,4,49,4,4,119,0
495,2,3,3,47,3,142,250,2
430,3,3,4,52,3,4,114,0
349,4,3,4,47,3,4,110,0
358,3,2,3,51,4,3,114,0
478,3,35,3,88,3,36,221,1
382,3,2,4,50,3,4,116,0
358,3,4,4,57,3,4,128,0
364,3,2,4,46,4,3,111,0
363,4,3,3,53,3,3,117,0
390,5,4,4,50,4,10,133,0
351,4,2,3,52,4,4,113,0
352,3,2,3,47,3,4,111,0
370,9,3,4,47,4,3,118,0
475,5,36,3,89,3,37,226,1
429,5,2,3,49,4,4,114,0
354,4,2,4,51,3,3,115,0
369,5,2,4,38,3,4,102,0
382,4,3,4,46,4,4,116,0
345,4,3,4,48,3,5,111,0
354,3,4,4,46,3,3,111,0
360,5,2,3,43,6,3,107,0
531,5,4,3,57,3,142,269,2
378,5,3,5,53,3,4,124,0
351,4,3,3,48,4,3,113,0
347,3,4,4,44,3,3,112,0
426,4,2,3,62,3,5,144,0
373,3,2,3,49,3,4,110,0
362,4,3,3,53,3,4,117,0
498,5,36,4,85,6,36,230,1
373,4,2,4,49,3,3,122,0
365,3,3,5,51,3,3,116,0
484,3,3,4,44,2,142,246,2
335,5,3,3,47,3,4,113,0
360,6,2,4,52,4,4,118,0
373,3,3,3,51,3,4,116,0
369,5,3,4,45,3,4,123,0
575,4,3,4,56,3,141,280,2
469,5,37,5,93,3,37,233,1
441,4,35,4,82,3,36,215,1
363,3,3,4,47,3,4,110,0
368,3,3,4,41,3,3,108,0
380,4,3,3,47,3,4,116,0
514,4,2,3,44,3,142,248,2
358,3,3,4,48,4,3,114,0
358,4,2,4,56,4,4,119,0
384,5,3,4,44,3,2,112,0
358,4,3,4,45,3,3,110,0
508,4,2,3,43,3,143,255,2
374,6,2,4,44,3,4,115,0
531,5,4,5,54,4,142,271,2
386,3,2,4,47,3,3,113,0
362,4,2,3,49,4,4,112,0
373,5,3,4,50,3,4,123,0
373,3,2,4,51,3,4,123,0
366,3,4,5,50,3,4,123,0
495,3,36,4,91,3,37,225,1
371,4,3,4,54,3,3,123,0
386,5,2,3,43,4,3,110,0
373,4,2,3,44,3,4,110,0
354,3,2,4,56,4,4,120,0
490,4,35,5,91,3,37,226,1
380,4,2,4,52,3,3,113,0
357,4,2,4,43,3,3,105,0
353,4,3,3,46,4,3,113,0
512,4,3,4,50,3,141,263,2
373,3,2,3,45,3,4,105,0
351,4,3,4,43,4,4,109,0
341,4,3,4,46,3,4,112,0
355,4,2,3,48,3,3,110,0
412,3,2,3,41,2,4,102,0
389,4,3,3,45,3,4,116,0
368,4,2,4,54,4,4,117,0
347,4,2,4,45,5,3,106,0
369,6,3,4,47,4,4,120,0
371,4,3,4,49,4,4,113,0
360,4,3,4,43,4,4,113,0
366,3,2,3,47,3,4,107,0
359,5,2,3,47,3,3,120,0
352,3,2,4,46,4,3,117,0
389,4,2,4,47,3,3,112,0
356,5,3,3,53,4,4,121,0
372,4,3,4,49,3,3,119,0
493,3,3,3,42,4,142,243,2
490,4,35,3,96,3,36,228,1
387,4,3,3,47,3,3,119,0
384,7,3,4,51,3,5,123,0
363,4,3,3,45,3,3,108,0
351,4,2,4,49,4,4,115,0
514,3,2,4,59,3,142,265,2
360,5,2,4,47,3,5,120,0
379,4,3,4,55,4,3,119,0
490,4,3,4,45,4,142,250,2
369,4,2,3,46,4,4,111,0
386,4,3,3,55,3,4,125,0
341,3,3,3,42,3,4,100,0
374,3,3,4,54,3,4,119,0
375,5,2,4,44,4,3,115,0
357,4,3,3,50,2,3,114,0
372,3,2,3,54,4,3,117,0
372,4,3,5,43,4,4,111,0
482,5,36,3,87,3,37,226,1
377,3,2,4,57,3,4,128,0
386,4,2,4,54,3,4,120,0
353,4,2,3,49,3,3,110,0
397,6,2,4,49,3,3,116,0
484,4,36,4,91,4,37,229,1
409,6,3,3,47,4,4,127,0
360,4,3,4,44,2,4,107,0
482,3,37,6,92,3,36,228,1
339,2,3,4,45,3,3,105,0
366,4,3,5,56,4,3,122,0
362,5,3,3,49,3,4,111,0
367,3,3,5,52,3,3,121,0
393,4,3,4,57,3,4,122,0
371,3,2,4,45,3,3,115,0
466,4,2,4,55,4,6,143,0
351,4,2,3,51,4,3,114,0
360,4,3,4,54,3,3,119,0
531,4,3,4,49,3,142,260,2
391,4,2,4,50,4,4,115,0
369,2,3,3,47,3,4,110,0
504,3,3,3,42,3,141,248,2
370,4,3,4,44,3,3,110,0
360,5,2,3,42,6,4,107,0
358,5,2,3,49,4,4,115,0
414,4,2,4,54,5,4,140,0
364,3,2,4,51,2,2,106,0
372,4,3,4,38,4,4,109,0
511,5,3,3,51,4,142,259,2
354,3,3,4,54,3,2,119,0
370,5,3,5,46,4,4,121,0
367,3,3,4,51,4,4,117,0
360,4,3,3,52,4,4,115,0
376,4,3,5,55,4,4,123,0
357,4,2,3,41,5,3,105,0
374,4,2,4,54,4,2,129,0
352,4,3,4,53,2,3,125,0
369,2,3,4,55,4,4,119,0
365,3,2,3,45,3,3,107,0
460,4,35,4,85,3,38,218,1
365,4,3,3,41,3,3,108,0
491,2,2,4,46,2,142,247,2
497,5,35,4,90,3,37,225,1
479,5,36,4,95,3,37,238,1
371,3,3,4,56,3,3,126,0
366,3,2,3,50,2,3,116,0
366,4,3,4,54,3,3,121,0
389,4,2,4,49,4,3,116,0
364,4,2,4,44,3,4,112,0
370,4,3,4,53,4,4,123,0
367,3,2,3,49,3,3,108,0
345,2,2,5,45,3,4,107,0
365,4,3,4,49,2,4,120,0
369,7,3,4,50,3,3,125,0
524,6,3,4,47,4,141,255,2
551,6,3,4,56,4,141,298,2
523,4,2,4,46,3,142,250,2
379,4,2,4,46,4,3,116,0
343,4,3,4,41,3,3,109,0
365,4,3,3,47,3,3,116,0
419,6,3,4,55,4,4,140,0
341,3,3,4,48,4,2,110,0
363,2,2,4,47,4,3,106,0
386,4,3,4,49,3,3,116,0
498,3,2,3,53,3,143,259,2
376,4,3,4,52,3,4,120,0
355,5,3,3,44,3,5,112,0
380,3,2,4,49,3,3,117,0
426,5,3,4,52,4,5,145,0
506,4,2,4,50,3,143,254,2
366,4,2,4,48,4,4,116,0
576,3,4,5,50,3,142,259,2
358,4,3,3,45,3,3,107,0
356,4,3,3,47,3,4,113,0
377,5,2,4,53,3,4,122,0
372,3,2,3,44,3,3,105,0
