Latency,CategoriesControllerGetcategory,ItemsControllerFindfeaturesitemrandom,ItemsControllerFinditemrandom,ItemsControllerFinditemsrandombyidproduct,ProductsControllerFindproduct,ProductsControllerFindproductrandom,GatewayGet,anomaly
366,4,3,44,53,4,4,156,0
374,3,3,44,52,3,3,161,0
374,3,3,44,52,3,4,161,0
373,4,3,5,54,4,4,130,0
384,4,3,5,50,2,4,116,0
380,4,2,3,51,3,4,120,0
497,49,49,4,60,49,3,270,2
397,4,3,44,63,4,4,175,0
467,4,36,44,92,4,37,276,1
380,3,3,44,48,3,3,156,0
378,4,3,4,59,3,3,129,0
521,53,50,5,53,50,4,267,2
374,3,2,5,54,3,3,124,0
420,5,3,43,52,3,4,176,0
429,6,3,44,66,3,5,198,0
395,3,3,5,53,2,3,121,0
501,50,48,44,51,49,3,296,2
370,4,2,44,55,3,3,162,0
390,3,3,44,51,4,4,164,0
383,3,3,4,54,3,3,118,0
367,3,3,4,50,3,3,120,0
362,4,3,44,47,3,3,152,0
421,5,3,43,58,3,5,186,0
391,3,3,4,53,3,3,121,0
425,6,3,5,62,4,4,157,0
386,3,3,44,57,2,3,160,0
508,50,49,45,55,50,5,309,2
480,3,36,45,90,4,37,273,1
391,4,3,44,51,3,4,172,0
508,50,49,4,55,50,4,267,2
354,3,3,43,53,4,3,159,0
353,4,3,44,60,3,3,171,0
389,3,4,4,57,3,4,123,0
451,6,3,4,70,5,4,171,0
372,2,2,44,52,3,3,157,0
377,3,3,43,49,2,4,154,0
366,4,3,44,53,3,3,162,0
346,4,3,44,49,2,3,161,0
385,3,3,4,54,2,3,123,0
544,52,50,46,62,50,4,329,2
394,5,3,4,55,4,4,142,0
435,6,4,45,63,4,4,191,0
409,4,2,43,49,3,4,153,0
377,3,3,44,56,4,2,165,0
363,4,4,5,53,3,3,120,0
503,3,36,4,95,2,37,230,1
381,3,3,44,46,2,4,150,0
504,49,49,4,51,49,3,253,2
491,4,37,44,100,3,38,278,1
379,3,4,4,67,3,3,133,0
503,7,36,4,97,3,38,236,1
383,3,3,4,48,3,2,119,0
505,3,36,4,101,3,36,238,1
362,4,3,44,57,4,4,170,0
407,4,4,44,60,3,3,170,0
519,49,49,5,51,50,3,260,2
359,4,3,44,50,3,4,155,0
443,6,4,45,56,3,3,180,0
362,4,3,44,53,3,4,161,0
355,3,3,44,50,5,3,153,0
383,3,3,44,49,4,3,163,0
360,3,4,5,54,3,3,129,0
420,3,3,4,49,3,2,116,0
382,3,3,45,59,4,3,168,0
543,51,50,4,41,49,4,257,2
534,3,36,3,94,3,36,230,1
345,3,3,44,62,3,3,165,0
402,5,5,44,62,4,2,181,0
374,5,3,3,53,4,3,122,0
422,5,3,44,59,4,4,189,0
368,4,3,4,53,3,4,123,0
410,4,2,44,58,4,4,177,0
537,50,49,45,56,50,4,307,2
366,4,2,44,52,7,4,161,0
415,5,4,4,60,4,4,141,0
372,3,3,45,53,3,3,159,0
442,6,7,5,67,4,5,172,0
379,4,2,44,52,3,3,168,0
422,5,3,4,58,3,4,127,0
407,5,3,4,58,4,5,136,0
356,3,2,4,54,3,3,120,0
388,4,5,6,58,3,3,133,0
365,4,3,4,51,3,3,119,0
397,4,4,4,48,3,2,118,0
410,5,2,43,55,3,4,187,0
365,2,3,44,56,4,3,157,0
363,3,2,43,53,4,3,157,0
377,3,3,4,58,2,3,126,0
425,5,3,4,62,3,4,156,0
348,4,3,4,49,2,2,117,0
375,4,3,44,50,3,4,165,0
524,49,49,4,51,49,3,258,2
392,4,2,44,48,4,4,158,0
390,3,2,4,52,3,5,118,0
402,3,3,44,55,3,3,168,0
372,4,3,44,57,3,3,162,0
375,3,3,44,51,3,3,160,0
516,49,48,4,48,49,3,258,2
367,4,3,4,49,3,3,113,0
363,3,3,43,55,3,3,160,0
387,4,3,44,59,3,4,169,0
413,6,3,44,64,4,4,184,0
362,3,3,5,58,3,4,129,0
370,4,3,4,54,4,3,118,0
438,5,3,44,66,5,5,200,0
382,2,3,5,56,2,4,119,0
389,4,4,5,58,3,2,125,0
362,3,4,45,50,3,3,161,0
381,4,3,44,52,4,4,159,0
383,6,3,44,55,4,3,163,0
373,3,2,44,53,4,3,157,0
363,4,3,4,50,3,3,119,0
375,5,3,4,47,4,4,119,0
523,6,37,45,111,5,37,309,1
408,4,3,4,53,4,4,133,0
412,4,3,44,49,4,4,160,0
395,3,3,6,56,3,3,130,0
381,4,2,4,54,4,4,125,0
569,5,37,5,106,5,38,265,1
393,3,3,44,53,3,5,167,0
365,3,2,43,54,3,3,156,0
359,2,3,44,45,3,4,151,0
359,4,3,4,55,4,3,125,0
509,50,49,44,55,50,3,303,2
377,5,4,4,57,3,4,128,0
468,3,35,44,90,2,37,267,1
341,3,3,4,54,4,5,122,0
382,4,3,44,48,3,5,156,0
354,4,2,4,53,3,2,122,0
382,4,3,44,59,2,3,170,0
373,3,3,4,55,3,3,122,0
379,4,2,4,59,2,3,125,0
371,4,3,3,58,3,8,130,0
380,4,3,5,59,5,4,133,0
384,4,4,5,52,4,4,124,0
380,3,4,44,49,3,3,158,0
409,20,2,43,49,4,4,178,0
392,4,4,45,57,4,3,182,0
351,3,2,4,51,2,3,117,0
348,3,3,44,47,3,3,152,0
346,3,3,4,52,4,5,122,0
393,3,3,4,52,4,3,120,0
397,4,3,5,59,4,3,134,0
381,4,2,44,51,3,3,155,0
395,5,3,42,54,3,4,164,0
415,5,3,45,57,4,4,192,0
452,6,3,4,59,2,5,142,0
375,4,3,45,54,3,3,161,0
381,3,2,45,53,4,3,163,0
393,4,3,5,58,4,4,138,0
517,49,49,44,50,50,4,299,2
369,4,3,4,65,3,4,131,0
370,4,3,45,47,4,4,158,0
361,3,4,5,55,3,3,123,0
539,51,49,4,45,50,4,258,2
488,4,36,44,92,3,36,267,1
374,4,3,4,49,3,2,115,0
385,3,2,4,49,3,4,122,0
376,3,4,5,54,4,3,126,0
428,6,4,45,55,4,4,182,0
382,4,4,44,57,3,3,169,0
380,3,3,43,45,3,4,156,0
443,4,3,4,56,3,4,144,0
341,5,3,6,51,4,3,118,0
429,5,4,46,54,7,4,188,0
350,3,3,4,53,3,3,117,0
443,3,3,43,70,5,4,174,0
492,50,49,44,50,50,4,296,2
384,4,4,4,53,3,3,123,0
351,4,3,4,49,3,4,118,0
381,4,3,44,52,3,3,159,0
534,5,35,4,97,4,39,251,1
398,3,3,43,54,3,3,158,0
427,6,3,45,67,5,4,193,0
489,4,36,3,91,3,36,221,1
377,3,2,44,51,2,4,156,0
491,4,36,44,97,3,36,271,1
500,3,36,44,98,4,37,279,1
372,3,3,4,57,4,4,123,0
427,6,2,44,68,4,5,201,0
530,4,36,4,89,3,36,224,1
404,5,3,3,52,3,3,127,0
386,5,1,3,48,3,4,111,0
362,4,3,43,59,3,3,173,0
552,51,49,43,58,49,4,329,2
361,3,3,43,51,3,4,163,0
385,4,2,3,50,4,4,119,0
373,4,3,5,46,1,2,112,0
421,5,4,3,51,5,3,138,0
391,4,3,4,51,4,4,122,0
366,3,4,4,53,4,4,122,0
376,3,3,44,50,4,5,164,0
374,4,3,44,52,4,3,156,0
362,5,3,4,53,2,5,122,0
513,50,49,5,50,50,4,259,2
354,3,3,4,58,2,3,126,0
523,50,49,44,52,49,4,302,2
380,4,4,5,61,4,4,136,0
419,5,4,44,64,4,5,194,0
505,3,35,3,92,18,38,240,1
377,4,3,5,51,3,3,119,0
375,3,4,5,58,3,3,131,0
381,4,3,44,58,3,4,169,0
385,3,4,43,55,4,3,165,0
356,3,3,4,53,3,3,115,0
405,4,3,43,56,3,3,167,0
363,3,2,44,53,3,3,156,0
373,4,4,4,61,3,4,137,0
534,5,37,45,106,5,38,310,1
375,4,4,45,55,3,4,170,0
414,6,3,44,56,4,3,188,0
370,3,3,4,51,3,3,121,0
402,4,3,4,53,4,3,137,0
381,4,4,5,53,3,4,126,0
489,4,36,44,96,3,36,273,1
559,51,49,44,57,50,3,327,2
365,4,3,4,51,3,3,119,0
503,4,36,2,90,3,37,227,1
384,4,3,4,55,3,3,126,0
387,4,3,45,54,3,3,168,0
546,52,49,4,55,50,5,281,2
375,4,3,44,58,2,3,167,0
374,3,3,44,58,3,3,165,0
380,2,2,45,55,3,3,163,0
363,4,5,5,56,3,4,134,0
412,4,3,44,57,3,4,177,0
383,5,1,44,53,3,4,161,0
381,3,3,44,53,4,3,162,0
378,4,3,44,58,3,3,165,0
358,4,2,44,55,4,3,155,0
371,4,3,43,50,3,4,153,0
366,3,3,4,53,4,4,125,0
366,4,3,4,48,3,3,118,0
390,3,8,43,56,2,3,165,0
357,3,3,4,49,3,3,116,0
514,49,49,4,45,49,4,252,2
526,50,49,5,57,50,4,267,2
516,49,49,4,62,49,3,278,2
382,8,2,44,50,3,6,167,0
377,3,5,5,51,3,3,129,0
386,4,2,44,57,4,3,172,0
393,3,3,4,54,4,3,119,0
397,3,3,43,51,3,4,160,0
465,4,36,4,90,2,37,223,1
390,5,2,43,52,4,3,159,0
422,5,3,44,49,4,4,172,0
366,3,3,5,54,3,3,121,0
369,4,3,45,50,3,4,161,0
486,3,37,45,88,4,36,267,1
489,3,36,44,100,3,37,278,1
388,3,3,43,48,3,4,157,0
390,5,4,45,63,3,3,177,0
388,4,3,44,56,4,4,172,0
560,4,37,44,94,3,37,268,1
378,4,2,4,56,4,4,131,0
362,4,3,5,57,3,3,122,0
508,4,36,44,99,4,37,273,1
364,2,2,4,54,4,4,122,0
364,3,3,43,52,4,4,162,0
391,4,2,44,51,3,3,158,0
493,5,36,4,93,3,37,229,1
378,4,3,3,52,4,4,121,0
370,3,3,4,60,4,4,132,0
397,3,3,3,52,3,4,120,0
382,4,3,44,51,3,3,162,0
370,3,3,45,59,4,3,161,0
387,5,3,4,56,4,4,127,0
475,4,36,44,103,3,36,274,1
380,6,4,44,61,4,3,174,0
404,4,3,44,50,3,3,159,0
378,3,3,3,51,3,3,120,0
382,3,3,4,57,3,3,124,0
386,4,3,44,54,4,3,167,0
381,3,3,6,52,4,3,126,0
379,3,3,4,51,3,3,118,0
369,4,3,45,49,3,3,158,0
368,3,3,44,55,3,3,162,0
423,6,4,45,70,4,5,203,0
389,4,3,45,49,4,4,164,0
357,4,2,44,54,3,5,158,0
378,4,2,4,50,3,3,117,0
566,50,49,5,55,50,5,282,2
376,4,4,44,58,3,4,171,0
464,4,3,45,57,9,7,207,0
382,4,3,4,55,4,4,125,0
501,4,37,45,94,4,36,272,1
425,6,3,44,50,4,3,179,0
523,50,49,45,47,51,4,297,2
503,3,36,44,97,5,37,281,1
377,4,3,4,54,3,3,123,0
392,5,2,44,55,4,4,166,0
412,5,3,44,60,4,4,182,0
367,3,2,44,46,3,3,151,0
491,4,37,44,95,3,37,273,1
448,5,3,4,55,4,5,146,0
370,3,2,45,51,3,4,160,0
373,4,3,5,60,3,5,139,0
408,3,3,45,54,4,3,166,0
505,4,37,44,92,4,37,273,1
498,4,36,45,92,3,36,265,1
436,5,4,5,61,5,5,151,0
372,4,2,4,55,3,3,121,0
374,3,3,4,50,3,4,120,0
384,4,2,3,55,3,4,120,0
397,4,2,44,61,4,3,171,0
463,4,36,44,85,3,36,263,1
374,4,3,4,55,3,3,124,0
482,4,36,44,91,3,39,265,1
405,4,3,44,60,4,3,180,0
401,7,3,44,59,4,4,175,0
371,4,3,44,55,3,5,159,0
446,5,3,45,71,3,5,197,0
528,51,48,44,48,50,4,301,2
519,50,50,5,60,49,4,271,2
380,5,4,3,51,2,4,122,0
411,6,2,44,57,4,5,183,0
511,50,49,4,55,49,4,257,2
379,4,3,4,55,3,3,120,0
360,4,3,44,51,3,4,160,0
525,54,49,45,47,50,4,303,2
398,4,4,5,55,3,3,129,0
365,4,4,4,55,4,4,122,0
385,4,2,44,50,3,2,166,0
384,4,4,46,55,3,5,176,0
432,7,4,3,56,4,4,150,0
542,50,49,45,54,50,3,302,2
510,50,49,4,51,49,4,261,2
384,5,3,44,49,4,3,162,0
512,50,48,44,52,48,5,298,2
390,3,3,3,52,3,4,120,0
369,3,3,44,51,3,4,155,0
450,6,4,5,70,5,4,176,0
351,4,3,4,51,3,3,120,0
375,4,3,45,62,3,3,171,0
489,4,36,3,99,4,38,236,1
422,7,4,44,62,4,5,196,0
348,4,4,4,61,3,3,126,0
485,2,35,4,96,2,37,229,1
334,3,3,4,54,3,4,116,0
409,7,3,3,58,7,5,148,0
387,4,3,5,54,3,3,131,0
504,50,49,4,53,49,4,264,2
361,3,3,43,52,3,4,156,0
369,3,2,5,52,3,3,116,0
386,4,2,43,50,3,3,155,0
383,4,3,44,56,5,3,169,0
388,4,3,44,56,3,3,167,0
517,51,49,3,46,49,3,250,2
364,4,3,44,51,4,3,160,0
378,3,4,4,57,3,3,132,0
398,3,6,3,56,3,3,132,0
375,4,3,45,54,4,4,164,0
559,52,49,5,59,51,4,289,2
437,8,4,46,62,5,4,203,0
413,4,3,44,58,4,4,179,0
378,6,3,4,49,2,3,126,0
395,4,4,4,53,3,4,128,0
407,4,3,5,55,3,5,140,0
378,6,3,4,52,3,3,126,0
509,4,36,44,93,4,38,276,1
365,4,3,4,58,3,3,129,0
383,4,3,44,59,4,2,170,0
498,5,36,4,89,4,38,230,1
378,5,2,4,44,4,5,117,0
374,3,3,4,53,3,4,121,0
377,4,3,44,56,4,3,162,0
511,50,50,44,47,49,3,295,2
375,4,3,4,55,4,3,125,0
375,4,3,44,49,4,3,159,0
404,3,4,45,58,3,4,178,0
370,3,3,43,48,3,3,155,0
564,51,49,44,52,51,6,319,2
372,3,3,5,52,3,3,121,0
400,5,3,4,56,4,4,140,0
375,3,4,4,46,4,4,120,0
377,4,3,44,51,3,3,160,0
384,4,3,44,53,3,3,163,0
373,4,2,4,47,3,3,119,0
398,4,4,44,53,5,4,172,0
361,4,3,43,50,4,3,153,0
412,4,3,4,46,3,4,141,0
397,5,2,45,54,4,3,168,0
495,50,49,4,45,50,3,257,2
368,4,3,4,54,3,4,126,0
367,3,4,44,48,3,3,153,0
512,49,49,45,55,49,4,297,2
511,50,48,44,50,49,2,292,2
361,4,2,4,48,4,4,116,0
398,4,3,45,56,4,4,171,0
558,51,49,4,44,54,3,289,2
382,4,2,44,50,3,3,160,0
379,3,4,43,49,4,4,155,0
394,4,4,44,54,4,3,162,0
374,3,3,45,52,3,3,163,0
384,2,3,5,56,3,4,127,0
381,4,2,43,50,2,4,162,0
373,4,3,44,54,4,3,159,0
380,2,2,44,49,6,4,161,0
379,4,3,3,54,2,2,121,0
359,4,3,3,54,3,3,124,0
504,50,48,44,45,48,4,295,2
365,5,3,4,49,4,3,119,0
505,49,49,4,50,49,3,254,2
370,5,2,5,48,3,3,118,0
348,3,2,4,49,3,1,112,0
397,5,3,45,55,2,4,174,0
376,4,2,43,50,4,3,181,0
380,4,4,44,50,3,4,160,0
530,52,48,44,47,50,5,302,2
432,6,3,4,61,4,5,152,0
331,3,2,43,48,2,3,146,0
514,50,49,4,51,49,4,255,2
375,5,2,44,55,3,3,165,0
371,5,3,5,53,2,4,123,0
430,5,4,5,64,4,4,160,0
370,4,3,5,49,2,3,124,0
546,50,48,43,52,49,4,321,2
373,3,2,44,48,4,4,153,0
511,49,49,4,49,49,3,257,2
509,50,49,44,54,50,2,299,2
380,3,3,4,54,4,4,120,0
353,4,3,4,55,4,3,127,0
380,3,2,4,49,4,3,119,0
552,50,49,44,59,49,3,331,2
393,4,3,4,59,3,3,128,0
368,4,2,45,55,2,3,170,0
474,3,36,4,99,3,37,234,1
382,7,2,43,56,2,4,164,0
420,3,3,43,50,3,3,156,0
467,6,36,4,97,3,37,237,1
373,4,3,43,45,3,3,156,0
381,4,2,4,54,3,3,127,0
417,5,3,5,61,3,4,146,0
387,4,3,3,53,4,3,122,0
511,50,49,45,54,49,4,301,2
405,4,3,4,61,4,3,135,0
538,51,50,45,60,50,4,311,2
359,4,3,4,50,3,3,120,0
374,4,3,5,59,3,4,133,0
367,4,3,4,50,4,3,117,0
361,3,3,44,52,2,3,155,0
365,3,3,44,51,3,3,155,0
384,4,3,44,49,3,4,154,0
390,3,4,44,57,3,3,167,0
348,3,3,44,48,4,3,156,0
382,4,2,44,52,2,3,159,0
508,4,36,45,93,3,36,275,1
388,4,5,44,53,3,4,161,0
377,3,3,4,54,3,4,119,0
381,5,4,44,58,5,6,176,0
409,6,3,44,54,3,4,177,0
373,4,2,3,52,2,3,116,0
394,4,3,4,56,3,3,124,0
361,4,4,4,58,2,3,129,0
380,5,3,4,50,4,3,125,0
383,4,4,5,55,8,4,132,0
572,52,50,46,66,51,5,361,2
365,5,3,4,63,3,3,130,0
414,5,3,4,61,3,4,152,0
362,4,3,44,52,4,3,158,0
381,4,4,3,54,3,3,123,0
386,4,3,5,53,4,3,125,0
398,4,3,5,51,3,3,124,0
546,51,49,5,54,50,4,273,2
536,10,36,3,110,4,37,258,1
390,3,2,5,42,4,3,104,0
405,3,4,45,62,3,4,175,0
383,4,2,5,55,3,4,128,0
376,4,3,44,53,3,4,162,0
368,3,3,43,51,3,4,164,0
497,50,48,4,50,49,3,254,2
524,49,49,44,50,49,4,301,2
380,3,3,44,56,3,3,172,0
396,3,4,4,67,5,4,139,0
364,3,4,4,49,2,3,121,0
347,3,3,3,54,4,4,127,0
349,4,2,5,49,3,3,122,0
370,2,3,44,50,3,3,162,0
366,4,3,43,54,3,3,161,0
421,4,3,44,54,4,5,180,0
371,3,3,44,53,2,3,159,0
388,4,2,3,56,2,3,126,0
357,4,3,4,52,4,2,118,0
363,4,3,2,49,3,3,112,0
445,5,3,4,61,3,5,149,0
536,5,36,44,88,3,37,267,1
492,3,35,4,94,4,36,231,1
342,3,4,3,50,3,3,112,0
402,5,3,4,59,4,4,135,0
391,4,4,45,59,2,3,172,0
368,3,2,5,59,4,5,126,0
354,4,2,4,54,4,4,121,0
429,5,2,3,61,4,5,137,0
370,4,3,44,60,3,4,169,0
410,5,3,44,60,4,3,180,0
365,3,2,4,53,2,3,116,0
399,3,3,44,51,3,3,160,0
372,3,3,44,52,3,3,160,0
382,4,4,45,55,3,3,159,0
490,50,49,4,55,50,3,262,2
365,3,3,2,47,3,3,115,0
372,4,3,4,52,4,3,125,0
378,4,4,5,58,3,3,129,0
386,3,3,5,53,3,3,121,0
361,4,3,4,48,3,3,116,0
352,4,3,4,56,3,5,122,0
495,3,36,4,93,3,37,232,1
351,4,3,4,47,4,2,120,0
389,3,3,44,47,3,3,147,0
349,4,3,4,54,3,3,123,0
492,4,37,4,92,2,37,224,1
529,50,49,4,53,49,4,269,2
388,3,3,5,54,4,4,129,0
496,8,37,5,87,4,37,235,1
440,4,2,44,54,3,3,170,0
575,53,50,46,72,50,5,351,2
390,4,3,3,62,4,4,127,0
392,8,3,5,53,3,5,132,0
528,50,49,45,49,49,4,298,2
366,3,3,4,51,3,4,123,0
503,50,49,3,56,50,6,268,2
383,3,2,43,49,3,2,155,0
354,3,3,43,48,3,5,154,0
375,9,4,45,59,3,4,182,0
396,5,3,4,51,4,4,135,0
362,4,3,44,46,3,4,162,0
386,3,4,44,57,2,3,162,0
524,49,49,45,60,50,3,310,2
396,7,3,4,56,4,3,128,0
417,4,3,3,57,4,3,129,0
472,4,35,43,96,3,37,266,1
516,50,49,44,62,50,3,306,2
366,4,3,44,56,2,3,159,0
379,3,4,44,52,3,3,158,0
367,4,3,43,53,4,3,161,0
336,3,4,4,59,3,4,120,0
366,3,2,43,51,4,6,160,0
398,5,3,44,52,4,5,181,0
385,3,2,4,61,3,3,125,0
396,5,3,44,53,4,4,179,0
416,5,2,44,59,4,4,186,0
489,4,36,44,92,3,37,258,1
365,3,2,45,48,3,3,158,0
512,50,49,4,58,49,4,270,2
377,3,3,4,51,3,3,122,0
399,5,3,44,50,4,4,179,0
522,50,48,44,57,50,4,311,2
521,50,49,45,50,49,4,301,2
361,4,3,43,54,4,3,165,0
375,3,3,43,52,3,3,159,0
376,2,3,4,60,3,3,129,0
352,4,2,3,49,4,3,113,0
373,3,3,4,50,3,3,124,0
482,4,35,3,91,3,37,227,1
363,4,3,44,53,3,3,161,0
443,7,4,45,59,4,2,188,0
376,5,4,44,51,4,4,165,0
342,4,3,4,49,3,3,120,0
361,4,2,5,50,3,5,116,0
567,52,49,45,60,51,4,331,2
372,3,3,4,51,3,3,125,0
366,4,3,45,54,3,3,157,0
515,50,49,44,51,49,4,302,2
401,5,3,4,57,4,3,138,0
394,4,3,45,52,4,5,181,0
368,3,4,5,53,3,4,123,0
431,7,4,5,57,4,5,152,0
380,3,3,5,51,4,4,122,0
538,5,37,45,100,4,37,291,1
373,4,2,4,61,4,3,130,0
373,4,4,4,53,3,3,120,0
378,4,3,5,56,3,3,122,0
367,3,2,3,49,3,4,112,0
376,4,2,45,59,4,3,170,0
367,4,4,43,49,3,4,159,0
365,4,3,5,56,4,4,124,0
376,3,2,44,49,4,3,160,0
348,3,3,4,52,3,4,120,0
356,4,2,4,49,2,3,117,0
496,49,49,3,51,49,3,258,2
364,3,3,4,50,3,4,119,0
373,3,3,4,56,3,4,118,0
372,2,2,44,51,4,3,157,0
409,5,3,5,55,4,4,132,0
372,3,2,3,50,3,3,116,0
417,6,4,44,67,5,4,200,0
354,3,2,44,53,3,4,160,0
372,4,4,44,51,4,3,164,0
537,51,50,5,55,49,3,270,2
504,5,36,4,93,4,36,229,1
346,3,3,5,51,4,3,120,0
418,4,4,4,48,4,3,117,0
384,3,2,4,50,3,4,117,0
518,4,37,45,96,4,37,289,1
382,4,2,44,52,3,3,173,0
531,50,50,5,57,49,3,268,2
505,4,37,45,100,4,37,284,1
358,3,3,44,52,3,5,160,0
357,3,2,44,47,3,4,155,0
364,3,4,44,59,3,3,168,0
381,3,3,44,56,3,4,167,0
376,3,2,45,57,4,3,169,0
391,3,3,44,61,3,3,172,0
368,4,4,5,63,3,3,132,0
384,4,3,4,56,4,3,132,0
355,5,3,4,51,2,3,118,0
475,3,36,4,102,4,37,234,1
374,4,2,3,50,4,3,118,0
464,4,36,43,88,3,36,264,1
347,3,2,44,55,4,3,158,0
396,7,4,45,60,3,4,181,0
508,5,37,4,99,4,38,245,1
393,3,2,5,56,3,3,126,0
389,3,3,44,63,3,3,172,0
378,4,3,44,54,3,3,158,0
387,4,3,44,56,5,4,173,0
520,50,49,4,61,50,3,267,2
442,6,3,45,60,4,5,194,0
387,4,3,44,51,3,4,159,0
361,3,3,4,51,4,4,128,0
410,6,2,4,59,5,4,138,0
371,4,3,43,52,3,4,159,0
366,6,3,44,56,3,3,168,0
370,4,3,45,58,4,3,173,0
405,2,2,4,52,3,4,115,0
340,3,3,44,50,4,5,154,0
345,3,3,44,54,4,2,167,0
391,3,2,44,54,4,3,156,0
499,50,49,3,52,49,3,254,2
415,5,3,44,52,4,5,177,0
371,4,3,44,52,3,3,164,0
379,4,2,4,51,4,4,120,0
385,7,3,5,59,3,3,133,0
379,3,3,43,49,28,3,180,0
386,4,4,4,52,3,5,125,0
407,6,3,5,63,5,4,152,0
353,5,3,4,49,3,3,118,0
402,4,3,45,59,5,3,175,0
365,3,4,5,48,3,3,120,0
352,3,3,44,47,3,4,155,0
492,50,49,44,55,49,3,301,2
524,50,49,44,46,49,9,304,2
401,2,2,44,52,3,4,155,0
366,4,3,5,53,3,3,127,0
360,3,3,3,53,3,3,121,0
362,4,4,43,56,3,4,173,0
524,50,50,45,59,49,3,310,2
350,4,3,3,47,3,3,120,0
345,4,3,4,55,3,2,119,0
480,4,36,44,90,4,37,265,1
379,4,3,44,50,2,3,153,0
391,4,3,44,59,3,2,165,0
386,4,3,43,50,3,4,159,0
493,51,49,4,50,50,4,264,2
375,3,3,44,51,3,4,156,0
453,4,36,44,90,3,36,260,1
420,5,3,43,56,4,2,174,0
381,3,3,43,49,5,4,162,0
434,5,4,43,63,4,3,187,0
382,4,3,3,56,3,4,125,0
417,4,3,44,60,3,4,181,0
404,3,2,44,50,4,4,159,0
532,50,49,4,60,49,4,267,2
382,3,2,4,59,3,3,125,0
531,6,36,44,90,5,36,271,1
379,3,4,44,63,3,3,173,0
384,6,3,43,53,3,4,160,0
393,4,2,43,49,3,3,161,0
389,2,4,4,53,3,4,126,0
357,5,3,4,52,4,3,122,0
357,4,3,3,47,2,2,114,0
397,5,3,4,48,4,4,122,0
359,3,3,4,56,3,3,130,0
390,4,3,44,51,3,10,171,0
376,4,3,44,54,3,4,161,0
387,5,3,43,48,3,4,157,0
362,4,3,5,52,3,4,124,0
356,4,3,44,53,3,3,156,0
543,50,49,44,51,50,6,312,2
387,4,4,5,59,4,4,133,0
474,3,37,43,99,3,36,272,1
345,4,3,4,53,4,3,120,0
518,50,49,45,53,50,3,304,2
366,4,3,3,49,4,4,122,0
400,4,4,4,68,3,4,143,0
438,5,4,44,52,4,5,188,0
483,4,36,4,91,3,38,235,1
364,3,2,4,49,3,3,115,0
511,4,35,4,90,4,37,225,1
494,49,49,5,49,50,3,258,2
399,5,4,45,55,4,3,185,0
371,4,4,5,62,4,3,127,0
382,3,4,5,49,4,4,120,0
492,4,36,5,92,3,36,230,1
386,4,4,45,51,5,4,164,0
352,3,2,2,51,3,2,108,0
381,5,3,4,54,3,4,124,0
373,4,3,4,47,5,3,116,0
509,51,49,44,54,51,5,308,2
363,4,3,44,59,4,4,165,0
376,3,4,44,50,2,3,156,0
386,3,3,44,54,3,4,166,0
367,4,2,4,47,4,4,112,0
362,3,2,44,56,3,3,162,0
504,49,49,44,52,50,3,298,2
349,3,3,4,50,2,3,112,0
380,3,3,43,54,3,3,163,0
517,49,49,44,52,51,3,303,2
549,51,48,44,52,49,4,310,2
436,5,3,44,58,3,4,184,0
351,4,3,4,54,3,4,122,0
484,3,36,4,96,2,38,229,1
372,3,3,4,52,2,4,124,0
371,4,3,44,56,3,3,169,0
427,6,4,44,64,5,5,200,0
360,3,3,43,54,3,2,154,0
378,2,2,43,50,2,3,160,0
359,4,3,4,51,2,3,116,0
414,10,4,5,62,4,4,147,0
517,50,50,44,59,51,5,310,2
476,4,36,44,96,2,37,271,1
357,4,3,4,56,2,2,120,0
371,2,3,44,54,3,3,164,0
518,50,49,43,50,50,4,297,2
374,4,3,44,54,3,3,166,0
528,50,49,4,52,50,3,261,2
496,3,36,4,90,5,37,233,1
381,3,3,44,53,3,3,161,0
347,3,2,4,49,3,4,110,0
376,4,3,4,51,4,2,117,0
390,4,3,4,58,3,3,125,0
379,4,3,4,54,3,2,124,0
370,3,3,45,52,4,3,154,0
372,3,3,45,50,6,4,165,0
514,50,49,45,53,49,3,307,2
376,4,3,43,56,5,4,169,0
430,5,3,44,60,14,5,201,0
362,3,3,45,58,3,3,170,0
379,3,4,44,47,4,4,162,0
375,3,3,5,55,3,4,128,0
531,6,36,5,99,4,37,249,1
344,3,3,3,44,4,3,109,0
348,3,3,44,49,3,3,157,0
389,3,2,4,56,3,3,117,0
530,49,49,44,55,50,5,300,2
373,5,4,44,50,4,4,160,0
365,3,4,5,51,4,3,120,0
346,2,4,44,51,3,2,157,0
532,51,49,4,58,50,3,275,2
517,50,49,44,58,50,4,308,2
368,4,3,3,47,2,6,121,0
379,4,3,5,56,4,4,127,0
496,50,49,44,57,49,4,305,2
481,2,36,3,94,4,36,225,1
530,50,50,4,59,49,4,268,2
356,5,2,4,49,3,3,117,0
490,3,36,5,97,3,37,235,1
396,4,3,43,49,2,4,164,0
359,4,2,4,57,3,4,126,0
485,3,37,5,96,3,36,230,1
384,4,3,5,56,4,3,127,0
415,5,3,5,54,3,6,138,0
378,3,3,4,57,3,3,127,0
512,50,48,44,53,50,4,302,2
383,3,3,3,57,3,2,121,0
429,6,3,44,48,4,4,172,0
375,3,3,3,47,4,4,112,0
379,4,3,45,59,2,3,172,0
427,5,3,4,61,4,2,143,0
343,3,2,4,51,3,4,115,0
373,2,2,44,64,4,4,168,0
388,2,3,45,56,3,3,165,0
363,3,2,44,49,3,3,155,0
526,50,49,44,60,50,4,314,2
388,5,3,3,54,4,5,125,0
417,5,3,4,54,4,5,145,0
378,3,2,44,49,3,4,154,0
370,3,3,4,55,4,2,119,0
386,4,3,44,53,3,3,162,0
354,4,3,44,50,3,3,158,0
398,5,3,45,55,4,4,178,0
372,4,3,46,50,4,4,169,0
433,5,3,44,53,3,4,181,0
515,51,49,4,54,49,4,258,2
355,4,3,3,47,3,4,121,0
379,4,4,43,47,4,3,160,0
515,49,49,4,48,49,4,256,2
426,6,3,44,57,4,5,179,0
365,4,3,4,46,3,4,111,0
495,4,37,45,95,3,37,277,1
381,4,3,44,59,6,4,172,0
559,50,50,4,62,49,4,281,2
361,4,3,44,54,2,3,166,0
377,3,3,4,61,2,3,132,0
370,3,3,4,50,3,3,115,0
385,4,3,5,47,3,3,125,0
534,49,49,5,56,50,3,263,2
380,3,3,4,55,3,3,115,0
346,3,4,5,59,3,4,125,0
457,6,3,45,66,5,6,209,0
547,51,49,4,53,50,4,272,2
461,4,36,44,94,3,36,271,1
376,4,3,43,53,2,3,156,0
502,5,36,3,96,2,37,228,1
387,4,3,4,60,3,4,129,0
371,4,2,44,56,3,4,169,0
408,3,2,3,52,4,3,122,0
519,49,49,4,58,49,3,265,2
395,3,2,44,55,3,3,158,0
494,50,49,44,52,49,4,298,2
390,4,3,4,62,3,4,139,0
366,3,4,43,55,3,2,160,0
375,3,3,43,61,3,3,175,0
385,4,3,44,57,3,5,169,0
498,4,37,5,90,4,37,233,1
440,6,3,4,62,4,3,150,0
491,4,36,4,95,3,37,231,1
378,4,3,4,52,3,4,123,0
371,4,2,44,50,3,3,156,0
383,4,3,5,59,3,3,134,0
410,4,3,4,56,3,4,141,0
526,50,49,44,54,49,3,303,2
379,4,3,4,58,3,4,130,0
494,7,37,4,95,3,36,235,1
399,5,1,44,50,4,3,169,0
361,3,2,4,51,4,3,118,0
500,3,36,44,91,5,37,268,1
367,5,3,4,48,3,4,114,0
427,5,3,5,52,4,3,132,0
363,4,3,44,53,3,3,159,0
383,3,3,4,57,3,3,125,0
415,5,3,44,71,4,4,197,0
415,5,3,4,56,5,6,144,0
353,3,2,4,50,3,4,112,0
436,6,3,43,52,3,3,174,0
377,3,2,45,50,3,3,154,0
490,50,49,4,52,49,3,259,2
373,3,2,4,48,4,4,119,0
354,4,3,44,56,3,3,162,0
515,50,49,45,50,50,4,296,2
401,4,3,4,52,4,3,118,0
379,4,3,5,58,2,3,129,0
382,4,3,44,49,2,4,154,0
363,3,3,4,50,3,4,115,0
380,3,3,4,57,2,3,127,0
484,4,36,44,89,4,36,263,1
368,4,3,44,52,4,4,160,0
385,4,3,4,51,4,3,124,0
508,4,36,44,93,4,37,271,1
365,4,2,3,47,3,4,110,0
414,4,4,43,61,4,4,179,0
376,4,3,5,51,4,3,120,0
377,4,2,44,46,4,3,149,0
505,5,35,44,99,4,37,283,1
364,3,3,4,49,3,3,122,0
382,4,4,5,51,3,3,121,0
379,3,3,4,56,4,3,123,0
417,6,3,4,53,4,5,137,0
380,4,4,6,60,3,4,130,0
514,49,49,44,54,49,3,296,2
376,4,4,44,51,3,4,161,0
511,49,49,44,49,49,4,293,2
378,4,2,45,53,3,3,164,0
366,4,2,43,52,3,3,161,0
405,5,6,4,64,4,3,140,0
375,4,3,44,51,4,3,161,0
468,5,4,45,56,3,3,183,0
511,49,49,45,63,49,3,304,2
361,4,3,44,48,3,3,163,0
370,3,3,4,52,3,4,123,0
357,3,3,5,55,3,4,126,0
350,4,3,3,50,3,4,109,0
451,4,36,45,86,4,36,263,1
410,5,3,45,47,4,4,181,0
378,3,2,43,55,2,3,157,0
389,8,2,44,49,4,3,161,0
359,4,2,43,55,3,3,159,0
427,5,3,45,56,3,4,191,0
362,3,3,5,56,2,2,121,0
409,5,4,6,59,7,4,152,0
569,51,49,5,50,52,5,279,2
389,3,3,4,48,4,3,125,0
355,4,3,4,58,3,3,125,0
388,4,3,45,51,4,3,162,0
382,4,2,4,49,3,4,126,0
410,6,4,3,56,3,3,142,0
379,3,3,44,52,3,3,159,0
378,4,3,44,56,3,3,168,0
407,5,3,43,61,4,3,167,0
371,4,3,4,51,4,3,118,0
411,4,3,4,57,3,4,124,0
485,3,36,4,98,2,38,230,1
403,5,3,4,54,3,4,125,0
366,4,3,4,56,3,3,128,0
414,3,3,5,54,4,4,137,0
395,3,3,44,50,3,3,155,0
545,6,37,4,100,3,38,255,1
367,3,3,44,52,3,3,160,0
353,3,3,44,51,3,4,158,0
369,3,4,4,49,3,3,117,0
346,4,2,44,50,3,4,157,0
380,4,2,44,52,2,4,159,0
353,3,4,5,53,3,3,122,0
604,50,50,4,51,49,3,255,2
503,50,49,4,59,49,4,264,2
426,6,4,5,67,4,4,157,0
398,3,2,44,54,3,5,166,0
489,3,36,4,92,3,36,225,1
377,4,3,3,50,2,4,118,0
377,4,3,47,62,3,4,174,0
375,4,3,45,57,3,4,165,0
367,3,3,4,57,3,4,122,0
381,4,3,45,61,3,3,169,0
377,7,2,44,52,4,3,164,0
568,51,50,44,63,51,4,334,2
492,3,36,43,95,3,36,278,1
420,5,3,45,60,4,4,186,0
478,3,36,44,94,3,37,266,1
543,6,36,3,97,3,38,248,1
513,50,49,4,51,49,3,257,2
385,4,3,44,55,2,4,164,0
368,4,2,4,46,2,3,112,0
494,3,35,3,91,4,36,224,1
361,4,3,5,55,3,3,125,0
484,3,36,45,100,3,38,279,1
363,5,3,44,47,3,3,156,0
389,4,3,5,56,3,3,128,0
496,4,36,45,97,4,37,276,1
376,4,3,3,54,3,3,122,0
498,50,49,3,52,49,3,253,2
417,4,3,4,56,4,4,128,0
479,4,36,43,92,2,36,262,1
366,4,2,5,47,3,4,116,0
369,4,3,43,54,3,5,162,0
366,4,3,44,49,3,3,159,0
393,4,3,4,59,3,4,131,0
388,4,4,4,60,3,4,133,0
372,3,3,45,51,3,4,163,0
372,3,3,45,52,3,4,161,0
534,50,49,5,58,49,3,271,2
422,5,3,44,53,3,5,173,0
385,5,3,4,51,3,6,122,0
498,4,37,5,100,3,37,237,1
401,4,3,3,55,3,4,127,0
380,4,3,4,55,3,4,127,0
491,3,36,4,94,3,36,233,1
372,3,3,43,50,2,4,158,0
356,4,3,3,52,4,4,127,0
388,3,3,4,57,4,3,121,0
376,3,4,44,56,3,3,162,0
393,4,3,44,52,4,3,160,0
585,52,49,44,53,49,9,325,2
364,5,3,44,55,4,3,170,0
484,4,35,3,91,3,37,231,1
519,49,49,4,53,50,4,259,2
531,49,49,4,57,49,3,265,2
526,50,49,4,43,50,3,256,2
360,4,3,44,62,3,3,173,0
493,50,48,43,53,49,4,300,2
354,4,3,5,51,3,4,120,0
375,4,3,44,50,4,3,161,0
413,6,3,45,58,5,4,190,0
399,4,3,4,69,3,4,142,0
382,5,3,5,56,3,3,127,0
344,3,3,4,47,2,3,111,0
537,5,36,44,90,4,37,283,1
364,4,4,6,55,3,4,124,0
340,4,3,44,49,3,3,157,0
372,4,3,45,56,3,3,163,0
349,3,3,3,45,2,2,103,0
452,3,36,4,94,3,37,228,1
365,3,2,5,59,3,2,125,0
373,2,2,43,48,4,3,154,0
365,3,3,5,54,3,3,125,0
363,3,3,44,53,3,3,167,0
359,3,3,44,50,3,2,153,0
382,3,2,44,50,4,4,155,0
379,4,3,4,52,4,4,120,0
362,3,3,4,59,4,3,125,0
386,3,4,45,59,3,3,174,0
383,4,3,4,54,3,4,123,0
377,3,3,4,51,3,4,123,0
508,50,49,4,54,49,3,271,2
371,5,3,43,49,4,3,157,0
370,3,2,44,52,4,3,162,0
358,3,3,44,49,3,4,160,0
370,4,3,4,52,3,4,124,0
388,6,3,4,48,2,3,117,0
357,3,3,45,59,3,3,162,0
371,3,3,5,60,3,3,129,0
466,3,36,4,93,3,37,226,1
379,3,3,4,49,2,3,116,0
411,5,3,4,54,4,3,143,0
540,5,36,4,84,3,39,221,1
435,6,4,44,59,3,4,181,0
497,4,36,45,91,4,37,284,1
493,49,48,45,44,50,4,291,2
393,5,4,44,50,3,4,162,0
388,4,3,3,55,3,3,127,0
381,4,2,44,54,4,4,162,0
378,4,3,44,50,2,4,157,0
578,49,49,44,51,50,3,297,2
375,5,4,5,55,4,2,132,0
378,4,3,4,53,4,4,123,0
505,4,36,4,98,4,37,239,1
418,5,3,4,56,3,5,144,0
383,4,3,5,51,3,4,121,0
385,3,2,44,56,3,3,162,0
369,4,3,4,51,3,4,121,0
371,3,2,4,50,2,3,115,0
372,3,2,44,47,3,3,153,0
375,4,3,5,57,4,4,130,0
366,4,3,3,54,4,3,124,0
416,4,2,5,63,2,4,127,0
456,4,36,4,96,4,36,232,1
548,5,37,45,107,4,38,309,1
443,6,3,4,55,4,4,146,0
385,3,1,44,55,3,3,164,0
367,3,3,44,56,3,3,162,0
389,3,2,44,51,3,3,158,0
485,4,36,4,93,3,35,223,1
363,6,3,4,59,2,3,125,0
360,3,3,44,50,4,4,163,0
384,5,3,44,50,3,3,156,0
397,5,3,44,55,3,4,175,0
490,4,37,49,101,4,37,283,1
388,3,3,4,50,2,3,114,0
434,3,3,45,52,3,3,163,0
366,4,3,44,55,3,3,163,0
367,4,2,43,47,3,3,155,0
404,3,3,44,59,4,4,171,0
382,4,3,43,57,4,3,168,0
436,7,4,5,57,4,7,157,0
427,5,4,4,63,3,5,151,0
371,4,2,44,52,4,4,163,0
384,3,4,43,60,4,4,172,0
358,4,3,44,51,4,4,165,0
346,3,3,44,48,3,3,154,0
438,7,4,3,68,3,4,164,0
373,3,2,45,55,4,4,164,0
384,4,3,4,52,3,4,122,0
399,4,3,45,55,3,4,165,0
372,3,3,4,60,3,4,125,0
371,2,3,45,60,4,2,166,0
521,4,36,45,97,4,37,277,1
366,5,3,4,49,3,3,120,0
397,5,3,3,49,3,3,120,0
530,51,48,44,46,49,4,296,2
369,3,5,5,61,3,4,133,0
400,5,2,44,58,4,3,191,0
367,4,2,4,50,4,4,121,0
492,5,37,44,97,3,38,284,1
368,4,3,45,52,2,4,163,0
339,4,3,4,47,3,3,110,0
396,3,3,44,61,3,4,172,0
387,4,2,45,59,3,4,168,0
378,3,3,5,54,4,3,127,0
522,50,49,45,52,49,5,300,2
508,50,49,4,64,49,4,268,2
372,3,3,43,52,2,3,151,0
368,5,3,44,52,3,4,167,0
367,4,3,3,49,4,4,122,0
492,50,49,3,49,50,3,258,2
357,4,4,4,57,3,4,125,0
369,3,3,44,48,4,3,156,0
474,4,36,4,92,3,37,229,1
370,4,2,4,52,3,2,121,0
518,50,49,4,49,51,5,267,2
373,3,3,44,52,4,3,166,0
507,49,49,4,53,49,4,258,2
391,4,3,3,53,4,4,123,0
422,6,2,43,59,3,5,182,0
382,4,5,44,63,4,4,177,0
337,4,4,5,49,3,4,118,0
349,4,3,44,57,3,3,167,0
382,4,3,44,53,3,4,161,0
471,4,35,4,93,4,37,232,1
547,51,49,4,52,51,4,275,2
403,4,3,4,53,4,4,123,0
355,4,4,5,51,4,4,125,0
386,3,3,5,57,3,3,123,0
362,3,3,44,55,2,4,155,0
370,4,3,4,55,3,3,124,0
385,3,3,44,49,3,3,165,0
378,3,3,44,49,5,3,157,0
369,4,3,5,54,3,4,125,0
401,3,3,45,56,3,4,168,0
390,4,3,4,53,4,3,121,0
357,4,3,45,55,3,3,167,0
369,3,3,3,54,3,3,121,0
400,4,3,4,52,2,4,126,0
365,3,3,4,55,4,4,125,0
382,4,3,44,49,3,5,160,0
477,4,36,4,94,3,36,227,1
509,50,48,44,50,50,3,302,2
377,4,3,4,52,3,3,126,0
369,4,2,3,54,3,3,121,0
374,4,3,44,55,3,4,161,0
362,4,4,44,59,3,2,170,0
350,3,3,43,55,2,3,159,0
379,3,3,44,57,4,3,170,0
389,4,3,45,54,5,3,168,0
388,4,2,45,57,3,2,164,0
384,3,3,4,57,3,3,123,0
428,3,3,45,53,3,13,169,0
391,4,3,4,57,3,4,127,0
372,4,3,44,45,3,4,163,0
424,5,3,44,67,3,5,197,0
354,3,4,4,55,4,3,124,0
397,4,3,43,54,3,3,169,0
362,4,4,4,49,8,4,126,0
368,4,3,44,56,5,3,166,0
410,4,2,44,67,3,3,181,0
367,4,3,44,55,4,4,165,0
374,3,3,44,52,3,3,165,0
361,3,2,3,52,2,3,111,0
387,3,3,4,52,3,4,124,0
370,4,2,4,52,4,4,117,0
567,49,49,43,45,50,3,295,2
408,5,4,4,57,4,5,146,0
540,49,49,4,53,49,4,257,2
367,3,3,4,52,4,3,124,0
393,4,3,4,61,4,3,132,0
366,4,3,4,50,3,3,123,0
355,4,2,4,46,2,3,113,0
359,3,3,44,47,3,4,155,0
566,51,49,5,53,50,4,284,2
375,4,3,44,53,3,2,162,0
518,50,49,4,57,49,5,267,2
512,3,36,44,97,3,37,276,1
431,6,4,44,57,4,5,201,0
401,8,3,5,56,3,7,141,0
486,50,50,5,57,49,2,257,2
459,4,36,4,94,4,36,229,1
411,5,4,44,61,4,5,183,0
504,50,49,44,53,49,3,302,2
488,3,36,3,95,3,36,231,1
358,3,4,4,57,2,3,125,0
520,50,49,2,51,49,3,253,2
495,3,35,2,88,3,38,224,1
533,49,49,5,57,49,4,271,2
378,3,3,5,58,3,3,128,0
434,6,3,4,62,5,5,151,0
376,4,3,44,49,3,3,156,0
360,3,2,43,50,3,3,157,0
400,4,3,44,58,4,4,169,0
421,5,3,4,55,4,4,142,0
376,6,3,3,44,3,3,120,0
353,4,2,43,55,3,3,155,0
430,5,2,3,61,2,4,150,0
377,4,3,43,52,3,4,161,0
380,3,3,4,50,2,3,111,0
355,3,3,2,50,3,3,119,0
552,52,48,3,54,50,5,283,2
370,3,3,4,50,3,3,117,0
374,3,2,2,59,2,3,132,0
500,5,36,5,91,3,37,230,1
371,4,2,4,53,2,3,116,0
338,3,3,4,55,4,3,119,0
362,4,3,4,52,3,4,121,0
390,3,3,5,62,3,3,129,0
370,4,3,6,55,3,3,124,0
375,4,3,44,61,4,3,174,0
413,5,3,4,50,4,4,142,0
528,7,36,44,104,3,37,297,1
502,50,49,44,51,49,3,291,2
373,3,3,4,58,2,3,126,0
420,6,2,44,52,4,6,177,0
388,4,3,4,64,3,4,139,0
490,50,48,44,50,49,4,295,2
381,3,2,44,54,3,4,162,0
386,3,3,45,58,4,4,168,0
390,3,3,4,53,3,5,128,0
375,4,3,44,57,3,4,172,0
404,4,4,5,60,3,3,136,0
400,5,4,44,52,4,5,187,0
381,4,3,45,58,4,3,166,0
416,5,3,4,52,6,3,137,0
511,49,49,4,54,49,4,265,2
378,4,3,4,61,4,3,133,0
387,4,2,44,53,3,3,165,0
509,50,48,44,49,49,3,290,2
374,5,3,44,56,3,3,165,0
373,3,3,4,51,4,4,124,0
355,3,3,44,53,3,3,156,0
360,3,3,45,53,2,4,162,0
405,4,2,44,56,3,4,175,0
371,3,2,3,48,3,3,115,0
467,4,36,3,94,4,36,228,1
395,3,3,43,59,2,4,172,0
467,3,36,45,92,4,38,270,1
477,4,35,44,94,3,38,269,1
529,50,50,44,54,51,5,312,2
349,3,2,44,54,3,3,162,0
407,4,4,4,77,3,4,147,0
367,4,3,3,52,3,3,123,0
368,4,3,4,54,4,4,128,0
376,3,3,45,56,2,4,166,0
379,4,2,45,47,4,3,153,0
360,3,2,44,53,3,3,160,0
371,3,3,4,53,4,4,122,0
369,3,3,4,53,3,3,123,0
398,4,3,44,52,3,4,166,0
439,6,4,44,52,7,6,184,0
384,6,3,43,62,3,4,174,0
391,4,3,45,52,3,4,164,0
385,7,3,44,61,3,3,178,0
390,4,3,4,58,3,5,136,0
470,3,36,4,100,4,37,236,1
473,6,3,4,61,3,5,156,0
528,50,50,5,60,50,4,274,2
517,50,49,43,51,50,2,292,2
357,3,4,4,54,3,3,127,0
392,4,3,44,58,4,4,176,0
430,7,5,44,53,4,4,188,0
390,4,4,4,62,3,3,135,0
388,4,3,3,45,9,4,116,0
358,4,3,44,59,3,3,167,0
416,4,3,4,57,3,3,129,0
399,4,3,44,59,4,4,172,0
401,5,2,5,58,2,4,125,0
365,3,3,3,59,3,3,126,0
471,5,2,44,49,4,4,175,0
371,3,3,4,50,2,3,117,0
519,48,48,4,53,49,4,262,2
346,3,3,3,47,3,3,117,0
336,3,3,4,51,3,4,115,0
383,4,3,4,52,3,4,128,0
424,5,3,45,56,4,4,179,0
384,4,3,4,53,4,4,126,0
394,3,3,44,55,4,4,169,0
384,7,3,3,46,4,3,115,0
390,4,3,44,54,4,4,167,0
360,4,3,44,52,5,3,163,0
409,7,4,45,61,4,3,188,0
365,4,3,44,58,3,4,170,0
394,3,3,44,58,3,3,168,0
407,6,3,4,47,4,5,135,0
384,4,2,44,54,3,3,169,0
367,3,3,5,59,3,4,133,0
420,6,3,45,59,4,4,188,0
508,50,49,5,55,49,4,264,2
359,3,4,45,62,3,4,169,0
356,3,2,43,43,2,4,152,0
492,4,36,44,97,3,37,279,1
390,3,2,3,47,3,5,116,0
469,3,35,4,91,3,36,223,1
358,3,2,44,51,5,4,159,0
367,3,3,4,55,3,4,121,0
402,4,2,44,51,3,3,158,0
367,4,3,4,55,4,3,125,0
516,49,48,5,53,50,4,262,2
351,3,3,44,56,3,3,164,0
480,3,36,5,94,3,37,230,1
371,3,3,4,53,3,3,125,0
379,4,3,44,51,4,4,163,0
374,3,3,44,53,3,3,168,0
379,3,3,4,54,4,3,123,0
402,4,3,5,64,5,4,143,0
380,4,3,3,49,4,4,117,0
479,3,36,5,95,3,37,233,1
372,3,2,4,50,3,2,114,0
383,3,3,4,53,3,3,118,0
373,3,3,4,47,3,3,113,0
491,4,36,44,101,3,37,282,1
412,5,3,4,54,4,3,145,0
373,3,3,44,54,4,4,167,0
382,4,4,5,51,4,4,131,0
474,4,36,5,94,3,37,229,1
364,6,2,4,50,4,4,125,0
380,4,3,3,49,4,4,122,0
377,4,2,44,53,3,2,158,0
502,3,35,45,100,3,36,274,1
360,4,2,44,54,3,2,161,0
371,3,3,43,46,3,4,147,0
374,3,4,5,49,3,3,122,0
352,4,4,44,54,3,4,164,0
401,5,2,44,54,6,3,183,0
377,3,4,4,59,3,3,126,0
397,3,2,44,49,2,4,155,0
350,3,3,4,55,3,3,121,0
369,3,3,4,54,4,3,122,0
492,49,49,4,59,50,3,273,2
375,7,4,44,57,3,3,170,0
366,6,3,4,45,4,3,113,0
475,4,36,4,87,3,36,216,1
348,4,2,3,57,3,4,121,0
344,3,3,4,54,4,3,122,0
352,4,3,44,49,3,3,158,0
475,4,36,45,94,3,37,277,1
368,4,3,44,46,4,3,155,0
383,4,2,43,49,3,4,161,0
350,3,3,4,54,4,4,122,0
351,3,2,44,56,3,3,160,0
382,3,3,44,51,3,3,164,0
400,5,3,3,52,4,3,138,0
384,4,2,43,51,4,3,158,0
371,3,4,45,62,4,3,172,0
349,4,3,4,53,4,4,125,0
378,4,3,3,52,3,5,121,0
427,5,3,44,70,5,5,199,0
377,4,3,5,52,3,2,121,0
376,3,3,4,54,2,3,124,0
363,4,3,44,53,2,3,159,0
396,4,2,4,53,3,4,122,0
365,3,3,4,49,3,4,116,0
520,50,49,5,60,50,3,270,2
364,3,2,4,49,3,4,120,0
339,4,2,44,48,3,4,155,0
380,6,3,3,55,2,4,130,0
504,5,36,45,87,4,37,268,1
379,4,3,44,45,4,3,158,0
468,4,36,44,97,3,36,273,1
375,4,3,45,60,3,4,174,0
398,4,3,44,53,3,3,164,0
388,4,2,44,54,4,4,166,0
350,3,3,3,55,2,4,119,0
447,5,4,45,63,3,4,192,0
359,4,3,44,47,3,4,162,0
523,48,49,45,53,50,3,301,2
370,3,2,4,55,3,3,126,0
354,4,3,4,49,4,3,116,0
368,3,3,44,57,3,3,162,0
498,49,49,4,60,49,4,268,2
388,4,3,45,58,3,3,184,0
468,3,36,4,93,4,36,228,1
429,3,2,44,49,3,4,162,0
526,50,50,44,47,49,4,291,2
393,4,3,4,49,3,4,123,0
363,3,3,45,55,3,3,162,0
365,3,4,5,59,4,3,129,0
342,4,3,44,49,2,3,154,0
386,4,4,44,60,3,3,168,0
390,4,3,4,54,3,4,122,0
380,12,3,4,56,4,4,136,0
385,4,3,5,47,3,4,121,0
523,50,49,4,53,49,3,261,2
377,5,3,5,62,4,4,135,0
531,50,49,4,56,49,4,265,2
343,4,3,44,55,3,3,162,0
359,4,3,44,52,4,2,164,0
509,50,49,3,53,50,4,259,2
387,5,3,4,55,3,4,125,0
374,5,5,5,51,3,3,125,0
374,4,3,44,60,3,3,166,0
370,2,4,5,58,3,3,126,0
526,50,49,4,53,50,4,260,2
363,4,2,3,53,3,4,124,0
398,5,3,44,50,4,4,159,0
386,4,2,44,55,4,2,162,0
534,49,49,4,56,49,3,261,2
416,4,2,4,49,3,3,119,0
420,2,4,4,47,3,4,114,0
355,3,4,4,56,3,3,125,0
370,4,3,4,58,3,4,130,0
362,4,2,44,49,3,4,159,0
369,3,3,4,47,3,3,108,0
392,4,4,44,45,3,4,160,0
417,7,2,45,60,4,4,197,0
382,4,4,55,65,4,3,178,0
475,4,36,43,90,4,37,274,1
364,3,3,44,60,3,4,167,0
498,50,49,3,52,49,4,256,2
390,4,3,45,55,4,3,162,0
420,3,2,4,57,1,5,119,0
352,3,3,44,47,3,3,154,0
389,4,4,44,57,4,3,168,0
375,3,3,4,51,3,3,120,0
397,4,3,44,54,3,3,160,0
346,3,4,5,53,3,3,122,0
367,3,2,4,53,3,2,120,0
407,4,3,4,62,3,4,134,0
386,3,3,44,56,2,3,161,0
355,4,3,44,46,3,3,156,0
489,3,36,4,100,3,36,237,1
412,4,3,45,54,3,7,175,0
381,4,4,43,52,4,4,167,0
375,3,2,45,53,4,4,166,0
507,3,35,45,117,3,36,293,1
498,4,36,5,95,3,36,233,1
366,4,2,43,52,3,5,157,0
387,3,3,44,53,3,4,161,0
374,3,3,44,60,3,3,167,0
396,4,3,43,58,3,4,165,0
385,3,4,43,50,3,4,159,0
479,3,36,45,97,4,37,270,1
376,4,3,5,59,5,4,131,0
370,4,3,4,45,2,3,105,0
393,3,3,4,58,3,3,132,0
407,4,3,44,48,3,3,157,0
358,3,2,44,47,2,3,146,0
395,5,2,44,55,4,4,167,0
387,4,3,4,55,4,4,125,0
516,50,49,4,52,50,4,261,2
379,4,3,5,55,3,3,123,0
355,9,3,4,49,3,3,121,0
374,4,2,43,52,3,3,159,0
388,4,2,45,47,3,3,154,0
517,50,49,5,56,49,4,265,2
545,51,49,5,61,49,4,288,2
362,3,3,45,48,3,3,157,0
372,4,4,44,54,3,3,162,0
357,3,3,4,54,3,3,119,0
368,3,3,4,53,3,4,125,0
360,4,3,44,55,3,3,165,0
369,3,3,6,53,3,4,125,0
375,7,3,4,50,3,4,122,0
429,3,2,44,55,2,3,152,0
445,4,4,45,70,6,5,209,0
368,5,4,45,52,4,3,162,0
352,3,3,44,56,4,3,164,0
437,4,3,42,53,3,4,171,0
531,50,48,43,53,50,3,296,2
403,6,4,45,65,4,4,191,0
486,3,37,4,94,3,36,227,1
369,6,2,45,52,3,3,160,0
367,4,4,5,57,5,3,132,0
386,3,2,4,61,5,3,132,0
493,10,3,4,58,6,9,162,0
363,4,3,4,52,4,4,124,0
394,5,3,4,51,4,3,127,0
367,3,3,4,47,3,3,111,0
416,5,3,4,64,4,3,147,0
378,4,3,44,55,3,3,169,0
397,4,3,4,49,3,2,119,0
386,5,2,3,50,3,5,121,0
351,3,2,3,52,3,7,127,0
385,2,3,44,61,2,3,168,0
375,3,3,44,53,3,4,155,0
501,4,37,4,101,5,37,241,1
357,4,2,4,47,4,4,114,0
407,4,2,44,51,4,4,183,0
498,50,48,44,56,50,4,299,2
363,3,3,44,46,5,3,158,0
517,51,49,44,55,50,4,305,2
343,4,2,44,49,3,3,157,0
378,4,3,4,51,3,3,113,0
392,4,3,4,62,7,3,135,0
376,3,4,4,53,3,3,124,0
382,4,3,4,57,4,3,128,0
380,4,3,43,60,3,3,169,0
388,4,3,5,48,3,4,120,0
363,3,3,4,50,3,3,114,0
513,51,49,44,48,49,4,296,2
433,3,2,45,46,5,4,172,0
482,3,36,44,89,3,36,264,1
486,4,36,44,90,3,36,259,1
547,6,36,4,104,3,38,257,1
368,3,3,44,58,3,3,167,0
350,3,3,43,47,4,5,163,0
372,4,2,4,57,4,4,125,0
386,5,3,5,58,5,4,136,0
384,4,3,45,52,3,3,160,0
337,3,4,5,49,4,3,114,0
382,3,3,44,48,3,4,158,0
369,3,2,4,53,3,4,123,0
373,4,2,45,51,4,3,160,0
365,3,2,44,52,3,3,155,0
381,4,3,4,53,4,5,126,0
490,4,36,4,91,3,37,224,1
366,5,3,5,54,3,4,125,0
381,4,4,44,58,4,4,172,0
374,3,3,44,57,3,4,169,0
365,3,3,4,55,3,3,124,0
379,3,3,44,59,3,3,172,0
398,5,2,44,54,5,9,171,0
378,4,3,4,59,3,4,127,0
375,4,2,4,47,4,3,120,0
365,3,2,4,49,3,3,112,0
372,4,3,45,56,4,3,164,0
434,4,3,45,66,4,4,194,0
512,49,49,4,56,49,4,265,2
370,2,3,4,55,3,3,124,0
480,4,36,4,97,3,36,238,1
374,3,3,4,56,3,3,129,0
520,50,49,4,49,49,3,251,2
536,53,49,3,52,50,3,276,2
347,3,3,4,46,3,4,111,0
387,3,3,4,46,2,4,122,0
484,3,37,44,96,3,37,272,1
400,4,3,44,54,3,4,163,0
384,3,3,4,55,3,3,131,0
607,5,36,45,110,4,38,305,1
528,52,49,45,50,53,5,308,2
495,4,36,4,94,3,37,229,1
373,4,2,3,46,4,4,111,0
372,4,3,5,54,3,3,121,0
372,2,3,44,53,4,4,164,0
352,4,3,44,50,4,3,159,0
358,2,3,3,53,3,3,116,0
393,3,3,4,49,3,3,115,0
375,4,2,4,48,3,4,113,0
390,4,4,45,56,3,3,170,0
364,3,2,4,47,7,5,115,0
365,3,3,4,54,4,4,118,0
488,4,36,4,93,4,37,234,1
367,3,3,44,52,3,3,155,0
370,4,3,5,53,3,3,123,0
413,6,3,45,59,5,5,194,0
394,4,5,6,57,3,4,131,0
387,4,4,44,42,3,3,156,0
423,5,3,4,67,4,5,158,0
405,5,3,44,62,3,5,184,0
381,4,2,3,55,3,3,124,0
533,50,48,4,56,50,3,261,2
431,6,3,44,60,4,5,187,0
433,6,4,44,65,4,8,200,0
367,4,3,43,52,3,4,158,0
400,4,3,5,49,3,4,120,0
354,4,2,4,53,3,3,118,0
439,3,4,43,52,3,3,163,0
424,5,4,5,66,4,5,155,0
412,5,4,45,59,4,3,183,0
529,51,49,44,60,49,4,307,2
369,4,3,44,45,4,3,154,0
369,4,2,44,51,4,3,162,0
357,4,2,43,54,3,4,163,0
485,3,37,5,92,3,35,225,1
398,4,1,42,53,1,2,152,0
369,4,3,4,53,3,3,121,0
374,4,2,4,55,3,2,126,0
373,3,4,5,52,3,3,125,0
379,3,3,45,58,3,3,170,0
392,3,2,4,48,3,3,117,0
368,4,3,3,49,3,3,113,0
512,3,37,4,95,4,37,244,1
367,3,3,44,63,3,3,173,0
420,5,3,44,62,3,4,186,0
357,3,2,4,49,3,3,117,0
495,3,36,3,95,3,36,228,1
517,50,48,4,52,50,4,258,2
373,4,2,2,52,4,2,113,0
534,49,49,2,50,49,3,256,2
507,49,50,45,43,49,4,288,2
375,5,2,44,47,3,3,156,0
356,2,3,45,55,7,3,164,0
380,4,2,4,53,3,4,126,0
348,4,2,4,46,3,4,116,0
487,4,36,43,89,3,37,268,1
491,3,36,4,94,2,36,227,1
363,3,3,4,50,3,3,119,0
376,5,4,45,56,5,4,170,0
510,4,37,45,103,3,37,280,1
357,4,2,4,48,3,3,118,0
506,49,49,5,54,49,3,259,2
406,6,4,4,57,4,4,144,0
368,4,2,44,53,2,3,163,0
363,3,3,4,57,3,4,125,0
350,3,3,4,49,3,4,114,0
359,4,3,3,51,3,3,123,0
351,3,3,45,58,3,3,167,0
471,4,36,44,91,3,37,265,1
404,6,4,5,62,3,4,148,0
387,4,3,44,51,5,4,161,0
422,2,5,45,54,2,3,159,0
359,3,3,4,49,3,4,118,0
423,4,3,4,54,4,4,139,0
368,4,3,5,55,4,2,125,0
356,3,2,3,49,2,4,117,0
372,4,3,3,55,3,3,120,0
367,4,4,4,56,3,2,123,0
355,3,3,4,50,4,2,118,0
371,3,3,44,54,2,3,161,0
553,51,50,5,57,54,5,284,2
369,4,3,44,55,4,3,164,0
387,3,2,44,62,3,3,175,0
387,3,2,4,57,4,4,123,0
374,2,4,44,52,3,3,159,0
398,4,3,4,55,3,4,143,0
427,5,4,44,56,4,2,185,0
376,2,3,44,50,4,4,161,0
410,5,4,44,54,4,4,184,0
536,49,49,4,55,49,3,276,2
365,5,3,44,52,3,4,162,0
356,3,2,44,52,2,3,156,0
382,3,2,3,51,3,3,113,0
494,4,36,43,92,3,38,269,1
371,3,4,44,48,2,3,152,0
367,3,3,45,58,2,4,165,0
369,3,2,4,57,3,3,127,0
366,3,3,3,50,4,3,121,0
351,3,2,4,50,2,3,121,0
406,5,2,3,56,3,4,142,0
370,3,3,4,54,3,2,119,0
386,4,3,44,57,3,3,174,0
371,4,3,4,51,3,2,117,0
390,3,2,43,57,3,2,165,0
379,4,3,44,51,3,4,162,0
505,49,49,4,50,49,3,257,2
457,5,3,43,56,4,3,187,0
361,3,3,5,53,3,4,118,0
378,3,4,4,52,4,3,123,0
358,3,2,44,52,3,3,158,0
439,4,3,45,60,3,3,176,0
354,4,2,5,51,3,3,119,0
419,6,4,45,65,4,4,196,0
505,50,49,44,47,50,4,296,2
510,50,49,44,52,49,4,299,2
372,4,3,4,52,3,3,121,0
502,5,35,4,99,3,37,238,1
359,4,2,4,52,3,3,119,0
414,4,2,44,52,2,4,200,0
361,4,2,4,51,4,3,121,0
361,3,3,3,60,2,3,125,0
485,4,36,4,92,3,37,235,1
448,6,3,45,64,5,4,199,0
417,2,3,4,56,3,3,124,0
378,3,3,44,53,4,3,162,0
362,3,2,43,49,4,2,152,0
356,4,3,44,54,5,2,162,0
365,3,3,44,55,3,3,161,0
356,3,2,43,48,5,2,146,0
492,3,36,4,93,3,36,222,1
405,4,3,43,53,3,5,180,0
379,4,2,44,49,3,3,159,0
357,3,3,43,49,2,3,150,0
378,3,3,4,54,3,3,122,0
516,50,49,4,51,48,3,257,2
391,5,3,45,57,4,4,173,0
361,4,2,4,53,3,4,121,0
374,6,4,44,52,3,4,161,0
387,4,2,4,56,3,4,124,0
374,3,3,4,49,3,3,122,0
532,50,50,4,47,50,4,254,2
388,3,3,4,61,3,3,130,0
558,51,49,45,59,51,4,324,2
406,4,4,4,56,3,3,136,0
388,4,3,4,52,3,3,125,0
400,19,3,44,49,4,3,172,0
419,7,4,44,64,4,5,196,0
366,3,3,5,52,3,4,118,0
391,4,3,45,55,3,2,166,0
381,4,2,44,53,3,5,155,0
393,3,3,45,62,4,3,177,0
361,3,3,43,48,2,2,155,0
384,4,2,4,50,3,3,117,0
500,3,36,4,96,4,37,239,1
375,3,3,5,59,3,3,130,0
387,3,3,43,60,4,2,163,0
410,4,2,44,52,4,5,166,0
386,3,3,44,50,3,4,164,0
379,4,3,3,51,3,3,126,0
387,4,3,44,57,4,4,166,0
387,3,2,4,47,3,5,115,0
387,4,2,43,48,3,3,160,0
374,3,3,44,53,3,3,159,0
365,4,2,3,53,3,3,117,0
360,3,3,4,53,2,4,115,0
346,4,2,4,52,4,4,124,0
371,4,3,4,50,3,4,120,0
368,4,2,44,46,3,2,155,0
472,4,35,44,95,4,37,270,1
389,3,3,4,57,3,3,130,0
352,4,2,3,53,2,3,120,0
364,4,3,5,55,4,3,125,0
362,4,3,44,47,3,4,155,0
367,4,2,3,54,4,3,120,0
373,3,2,43,47,2,3,147,0
369,3,2,44,52,4,3,160,0
388,3,2,2,57,3,3,120,0
367,3,2,44,46,4,4,153,0
465,4,3,43,57,3,4,179,0
391,5,2,3,56,3,4,130,0
480,3,36,5,92,4,36,231,1
384,3,3,44,61,3,3,172,0
359,4,4,44,53,3,3,159,0
367,3,3,3,51,2,3,115,0
489,4,36,4,101,4,36,240,1
515,52,48,44,53,49,3,299,2
370,3,2,4,57,3,3,119,0
396,3,3,45,57,3,3,168,0
503,4,36,3,101,4,37,238,1
359,4,3,44,53,3,4,164,0
533,50,49,45,56,50,4,312,2
367,4,3,44,48,3,3,161,0
352,3,3,44,48,4,3,158,0
376,3,4,45,58,4,3,171,0
376,3,2,44,56,3,3,162,0
381,4,2,3,46,2,3,112,0
492,4,37,4,97,4,36,238,1
610,5,36,45,93,4,38,397,1
503,49,49,4,50,50,4,260,2
385,4,2,44,52,4,4,161,0
412,4,2,5,53,2,4,141,0
457,4,3,4,53,4,3,123,0
367,4,2,4,51,4,3,121,0
388,3,2,43,42,4,4,151,0
520,49,49,4,59,49,4,275,2
365,3,3,4,57,4,2,127,0
360,3,3,4,51,3,3,118,0
354,4,2,44,53,4,3,162,0
390,4,4,5,51,3,3,119,0
439,5,3,43,47,4,5,176,0
374,4,4,3,57,3,2,122,0
386,3,3,4,57,4,4,122,0
472,4,36,45,91,4,36,263,1
367,4,2,5,58,3,3,131,0
338,4,2,4,44,3,3,116,0
356,3,3,44,54,4,2,157,0
419,3,3,43,48,3,3,153,0
352,4,2,4,50,3,2,112,0
485,4,36,4,98,4,37,237,1
350,3,2,44,57,3,2,167,0
397,3,3,44,46,4,29,181,0
420,8,5,46,58,5,4,202,0
493,4,36,45,97,2,37,275,1
519,49,49,44,54,49,4,297,2
372,3,3,44,48,3,4,157,0
416,6,3,44,53,3,4,182,0
423,4,3,44,61,3,3,173,0
487,3,37,45,92,3,37,269,1
393,4,4,44,58,3,4,168,0
377,4,3,6,52,3,3,118,0
540,51,48,4,58,49,4,273,2
361,3,3,44,58,3,4,165,0
410,9,4,45,61,3,4,194,0
501,50,49,44,56,49,4,303,2
373,4,4,44,52,4,4,164,0
405,4,3,44,58,4,3,182,0
386,3,4,4,50,3,4,122,0
349,4,3,44,54,4,5,167,0
507,50,49,44,55,49,5,310,2
518,50,49,4,55,50,4,264,2
496,5,3,43,55,4,5,262,0
362,4,3,44,48,3,3,165,0
363,4,3,43,55,4,3,164,0
483,4,36,4,93,4,38,236,1
486,4,35,4,93,2,37,232,1
414,5,4,5,63,4,3,150,0
377,4,4,4,54,3,4,127,0
377,3,3,6,63,3,3,131,0
363,3,2,44,48,3,4,149,0
357,4,3,44,58,4,4,170,0
380,3,3,4,49,4,2,124,0
389,3,4,4,57,3,3,127,0
364,3,3,4,55,3,3,124,0
379,4,3,5,59,3,3,132,0
423,7,4,45,67,5,5,202,0
347,3,2,43,46,4,5,155,0
351,3,3,5,49,3,3,118,0
411,4,5,4,55,5,4,140,0
397,4,3,4,51,3,3,120,0
398,2,3,4,56,3,5,131,0
353,4,3,44,46,3,3,149,0
425,3,3,44,55,3,3,169,0
373,4,4,6,54,3,4,130,0
387,3,2,4,57,4,3,129,0
396,6,3,45,54,2,4,166,0
496,3,36,43,99,3,37,292,1
531,50,49,44,53,49,4,298,2
495,3,35,44,91,4,36,265,1
376,3,3,4,58,3,4,133,0
389,4,3,4,55,3,4,131,0
401,4,2,4,47,4,3,116,0
351,3,3,44,52,4,3,161,0
355,3,3,4,53,3,3,115,0
415,5,2,43,54,4,5,177,0
389,4,3,44,52,4,3,165,0
375,3,2,43,55,4,3,160,0
413,5,4,43,46,4,4,161,0
378,4,3,4,51,2,4,117,0
378,4,3,45,57,4,4,169,0
367,3,4,43,52,4,5,157,0
509,50,49,43,51,49,2,297,2
366,4,3,44,55,3,5,168,0
396,4,4,6,60,3,3,135,0
478,50,49,44,45,49,4,293,2
474,3,36,44,93,4,37,273,1
374,4,3,4,53,3,2,120,0
345,3,2,4,54,3,3,117,0
377,3,3,45,54,2,3,162,0
389,4,3,3,55,3,4,127,0
383,3,3,45,55,2,3,158,0
359,4,2,4,47,4,5,120,0
366,4,3,44,49,2,4,156,0
554,52,49,44,61,50,3,318,2
514,50,49,4,49,52,4,263,2
380,4,3,3,56,4,3,123,0
370,3,3,42,54,3,5,162,0
377,3,3,4,48,3,3,118,0
365,3,3,4,62,3,3,126,0
378,3,3,4,51,4,4,118,0
475,4,36,45,92,5,36,266,1
382,3,3,44,58,3,3,173,0
522,50,49,4,52,49,3,260,2
409,2,2,44,55,2,2,153,0
361,3,3,44,51,3,3,164,0
391,4,3,4,75,4,4,144,0
392,3,4,44,60,3,3,168,0
529,49,49,44,49,49,4,299,2
366,4,2,44,51,4,4,159,0
369,4,2,44,52,3,3,160,0
364,4,3,4,54,6,4,119,0
349,3,3,4,47,3,4,115,0
379,3,2,44,53,3,3,160,0
371,3,3,44,53,2,4,163,0
361,3,4,4,51,2,3,119,0
381,4,4,4,52,3,3,126,0
534,51,49,4,52,49,4,270,2
384,3,2,5,54,4,4,120,0
368,4,3,4,49,3,5,121,0
494,50,48,6,50,49,3,257,2
355,2,2,45,48,3,4,161,0
389,3,1,43,50,3,2,157,0
392,4,2,44,48,4,3,172,0
365,3,3,4,53,3,3,120,0
348,4,3,44,53,2,3,154,0
351,3,3,44,46,2,3,153,0
409,6,3,45,54,3,4,183,0
518,49,49,45,59,50,3,306,2
495,50,49,45,53,50,3,299,2
388,3,4,44,52,3,4,161,0
536,50,49,45,53,50,4,298,2
363,3,3,4,50,2,4,119,0
377,3,3,45,59,4,4,171,0
373,4,2,44,50,2,3,159,0
360,4,4,45,53,3,3,166,0
482,5,2,5,52,4,4,130,0
362,4,2,44,53,4,3,164,0
372,3,3,44,57,3,4,165,0
477,4,36,4,92,3,37,226,1
396,5,3,4,48,4,4,138,0
485,4,36,44,92,3,36,265,1
376,4,2,5,55,3,3,126,0
363,4,3,4,47,3,4,113,0
340,4,3,43,53,2,3,155,0
368,3,3,44,56,3,4,164,0
391,4,2,5,55,3,2,120,0
514,6,3,4,55,4,4,249,0
374,3,2,3,54,3,3,119,0
462,3,36,5,91,3,41,229,1
365,3,3,5,47,3,3,112,0
379,3,2,44,55,3,3,156,0
524,3,36,44,93,3,36,272,1
406,4,3,4,49,4,2,120,0
365,3,2,44,53,4,4,165,0
368,4,4,5,56,2,2,124,0
351,4,2,5,48,3,4,117,0
365,4,2,43,53,4,4,156,0
359,3,3,44,46,3,5,154,0
390,3,4,4,51,3,4,119,0
372,5,3,4,53,3,4,128,0
372,3,3,44,56,3,3,164,0
377,4,4,4,63,4,3,135,0
393,3,3,4,58,3,4,131,0
374,4,3,44,52,4,3,162,0
430,10,3,45,60,4,6,199,0
418,4,3,44,59,4,4,185,0
351,4,3,3,48,3,4,112,0
363,3,3,5,55,3,4,121,0
383,3,3,4,51,4,5,118,0
511,51,50,4,49,51,4,257,2
366,4,2,4,52,4,5,124,0
389,3,3,44,51,3,3,160,0
367,3,3,44,57,4,3,169,0
396,2,2,44,56,3,3,161,0
385,4,3,44,54,4,4,162,0
379,4,3,44,54,3,3,161,0
360,3,4,44,58,3,3,162,0
357,4,3,4,48,4,2,116,0
388,3,3,45,60,3,3,168,0
363,4,3,44,49,3,4,159,0
394,5,3,44,59,5,4,172,0
378,5,2,4,47,3,3,116,0
426,6,3,43,61,4,4,190,0
436,5,3,44,68,5,3,198,0
389,4,3,45,48,3,3,156,0
371,4,3,5,57,3,4,126,0
382,4,3,44,52,5,3,161,0
389,5,2,44,56,3,4,164,0
348,3,3,5,54,3,3,121,0
439,5,3,45,63,4,4,196,0
530,50,49,44,53,49,3,304,2
360,4,3,44,55,3,4,167,0
384,3,3,45,57,3,4,168,0
372,5,2,45,57,3,4,168,0
372,3,3,4,51,4,4,120,0
382,3,3,43,54,3,4,180,0
531,50,49,45,55,49,4,304,2
362,3,3,44,54,4,3,163,0
430,5,2,44,59,4,3,190,0
361,4,3,4,51,3,4,122,0
529,50,49,4,53,50,3,262,2
365,7,2,4,50,3,3,114,0
374,3,4,4,60,3,4,132,0
524,6,36,45,104,4,37,295,1
403,5,4,4,56,4,5,144,0
474,4,37,44,93,4,36,269,1
400,5,3,4,52,3,10,137,0
444,8,3,44,66,9,5,206,0
492,3,36,4,100,3,37,236,1
359,4,3,4,61,3,3,128,0
438,4,4,5,58,3,3,143,0
370,3,3,44,58,3,4,163,0
378,4,2,4,49,4,4,123,0
500,50,50,44,54,50,4,306,2
529,50,48,45,55,49,4,305,2
378,3,3,45,49,4,3,162,0
410,5,3,44,58,3,5,178,0
370,3,3,44,50,2,4,156,0
373,4,3,4,54,4,3,126,0
537,5,36,4,105,4,37,257,1
356,3,3,44,50,4,5,160,0
492,4,36,4,91,3,37,232,1
380,4,4,4,57,5,3,132,0
402,5,4,4,65,4,3,141,0
373,4,3,4,50,3,4,122,0
520,50,50,4,51,49,3,266,2
403,4,3,44,53,4,4,162,0
381,4,4,4,45,3,3,111,0
531,5,36,5,99,4,37,260,1
371,3,2,4,57,3,3,129,0
425,10,3,44,55,4,4,170,0
528,5,36,4,94,4,37,243,1
381,3,3,45,52,3,3,160,0
375,3,3,4,58,3,4,123,0
394,4,3,4,58,3,3,125,0
392,4,3,4,58,3,4,130,0
514,51,49,4,48,50,4,258,2
493,3,36,44,101,3,37,277,1
401,5,3,45,58,2,3,171,0
470,4,35,44,93,4,37,266,1
507,3,37,5,96,3,36,232,1
358,3,3,4,52,3,3,121,0
354,4,2,4,52,3,3,118,0
369,4,2,44,48,5,4,162,0
371,3,4,44,56,3,3,170,0
386,3,3,4,52,3,3,122,0
371,3,3,45,56,3,3,164,0
422,4,3,4,50,4,3,118,0
365,4,2,44,54,3,3,166,0
374,3,3,4,50,3,3,122,0
415,3,3,44,57,3,3,171,0
378,4,2,45,54,3,4,159,0
377,4,5,6,58,3,3,134,0
369,2,3,4,53,2,2,116,0
433,5,3,44,50,4,4,192,0
360,3,3,5,52,4,4,122,0
356,3,3,3,52,3,3,118,0
401,5,3,4,56,3,3,132,0
377,3,3,44,50,3,3,158,0
381,3,3,4,50,3,3,117,0
370,4,3,4,56,3,4,124,0
499,4,35,44,96,3,37,272,1
375,3,3,4,52,4,3,120,0
345,4,2,44,54,3,3,161,0
369,4,3,4,55,4,4,120,0
351,4,3,45,52,2,3,160,0
371,4,3,4,54,4,4,127,0
421,5,3,45,60,3,4,182,0
373,4,3,5,53,3,4,125,0
425,5,2,43,61,5,4,189,0
433,3,2,44,54,3,4,159,0
385,4,3,45,50,4,3,165,0
398,4,3,45,61,3,4,180,0
414,6,4,4,56,3,4,142,0
379,4,4,4,58,3,4,135,0
375,4,4,44,57,3,3,166,0
387,4,2,3,51,3,5,127,0
394,4,3,44,46,4,4,156,0
355,4,2,43,48,4,3,154,0
432,4,3,44,50,3,4,172,0
356,4,2,4,48,2,3,113,0
371,5,3,4,53,3,3,129,0
497,50,48,44,52,49,4,299,2
428,6,5,44,66,4,3,196,0
357,4,3,44,56,4,3,165,0
492,6,36,4,86,3,36,225,1
421,5,3,4,58,2,5,143,0
378,4,2,44,55,3,3,167,0
374,4,4,5,60,3,3,131,0
374,4,3,4,54,2,3,119,0
532,50,48,4,54,50,4,263,2
426,5,4,3,60,4,4,150,0
384,3,2,44,48,3,4,157,0
369,4,3,5,54,3,3,122,0
383,3,2,44,53,3,4,159,0
485,3,36,44,96,3,36,272,1
362,4,3,43,51,3,3,158,0
560,52,49,4,47,50,4,275,2
367,2,2,43,49,1,3,152,0
379,4,2,44,50,3,3,163,0
387,4,3,44,60,4,3,171,0
530,50,49,45,53,50,3,301,2
394,4,4,44,58,3,3,168,0
377,4,3,5,53,3,4,130,0
396,5,3,44,57,5,3,167,0
393,3,3,44,58,4,3,168,0
409,4,3,44,61,5,3,180,0
368,4,3,4,48,4,3,118,0
527,51,50,5,53,49,5,263,2
512,5,36,45,100,4,37,282,1
368,3,2,44,47,3,3,151,0
350,3,2,43,45,5,4,150,0
380,4,3,4,50,2,3,123,0
362,3,3,3,51,3,4,116,0
363,3,3,44,51,3,4,155,0
360,4,2,44,46,3,3,151,0
484,3,36,44,92,3,36,258,1
387,3,3,45,57,3,3,164,0
380,3,3,44,51,3,3,158,0
402,3,4,4,62,3,3,134,0
471,4,36,3,98,3,37,236,1
529,51,49,4,59,50,3,271,2
378,5,3,45,49,3,4,162,0
347,4,4,3,50,3,3,114,0
358,4,3,44,48,3,4,156,0
501,4,36,44,94,4,37,276,1
376,4,3,4,62,3,3,127,0
432,10,2,45,55,4,4,182,0
471,4,36,4,94,3,36,230,1
498,49,49,44,48,49,4,289,2
381,3,4,4,54,3,3,128,0
416,5,3,3,55,4,3,143,0
374,3,3,44,54,3,3,167,0
556,52,49,3,56,50,5,284,2
368,3,4,5,49,3,2,119,0
545,50,48,44,46,49,4,310,2
462,3,35,4,93,3,36,221,1
387,4,2,4,58,3,4,125,0
376,3,3,45,59,2,3,173,0
380,4,3,5,55,3,3,119,0
409,6,4,45,65,3,3,190,0
399,5,3,4,50,3,3,120,0
354,4,3,4,52,3,3,122,0
398,5,3,3,56,4,4,133,0
386,3,3,4,47,2,3,117,0
359,3,5,45,50,3,4,166,0
501,49,49,45,49,50,4,300,2
356,4,3,44,57,4,3,164,0
425,5,4,5,57,5,8,150,0
355,3,3,44,52,3,4,162,0
353,2,3,44,51,2,2,154,0
508,50,49,45,48,49,4,292,2
376,6,4,4,57,3,4,126,0
427,7,3,4,61,6,3,153,0
476,3,36,45,91,3,37,268,1
338,3,3,44,42,3,2,144,0
396,4,2,5,59,3,3,132,0
371,2,4,43,54,2,3,158,0
369,4,3,44,52,4,3,162,0
377,3,2,3,53,3,3,117,0
349,3,4,44,55,3,3,157,0
382,3,2,45,54,3,3,162,0
500,3,36,44,92,5,37,272,1
371,4,4,5,62,4,3,131,0
388,4,3,43,49,3,2,157,0
380,3,3,44,51,3,3,161,0
504,3,36,45,100,3,36,275,1
368,4,2,3,52,3,3,114,0
421,7,3,44,59,4,5,188,0
406,5,4,44,54,4,4,187,0
407,3,4,3,48,4,3,117,0
389,4,2,43,56,3,3,160,0
363,3,3,4,53,3,3,122,0
373,3,5,44,54,4,4,164,0
360,2,2,44,57,2,3,161,0
366,3,3,44,46,4,3,164,0
425,4,4,4,58,4,4,144,0
366,5,3,43,50,2,4,162,0
525,6,37,45,105,4,37,307,1
380,4,3,4,58,3,4,131,0
381,3,4,5,49,2,3,121,0
366,4,4,5,49,5,3,126,0
380,4,3,4,49,4,3,121,0
347,4,4,44,52,3,3,162,0
508,5,36,43,91,3,37,272,1
374,3,3,4,51,4,4,117,0
399,4,3,44,60,3,4,178,0
367,3,3,44,61,2,3,166,0
373,4,3,44,53,3,4,159,0
403,5,3,4,59,3,3,138,0
369,3,2,4,48,3,3,118,0
362,3,2,4,46,4,5,119,0
380,4,3,44,52,4,3,161,0
367,4,2,44,51,4,3,160,0
473,4,37,44,90,4,38,273,1
499,2,36,4,98,3,36,231,1
536,50,49,4,49,49,3,255,2
353,4,4,44,52,3,4,163,0
376,3,3,45,53,3,3,166,0
443,5,3,44,66,4,4,191,0
359,3,3,43,50,1,3,154,0
428,6,3,3,53,4,6,144,0
397,4,3,4,56,4,4,127,0
419,5,4,4,62,3,4,139,0
364,4,3,44,52,3,4,161,0
494,50,49,44,48,50,5,293,2
433,9,3,4,61,4,3,162,0
374,4,3,45,56,4,4,168,0
507,50,48,4,54,50,3,261,2
539,4,36,4,100,4,39,258,1
478,4,36,4,95,3,37,228,1
485,3,36,4,91,4,37,227,1
363,4,3,4,54,4,4,124,0
523,6,36,44,98,4,37,295,1
363,3,3,4,55,3,4,126,0
385,5,3,43,52,3,4,162,0
363,4,3,4,53,3,3,116,0
367,5,3,45,58,3,4,169,0
374,3,3,44,55,4,3,161,0
372,3,4,3,55,3,2,126,0
500,50,49,4,57,50,4,266,2
512,50,48,44,56,50,3,304,2
513,50,49,4,53,49,4,262,2
376,3,4,45,50,3,4,159,0
385,4,2,3,54,3,3,126,0
374,4,3,44,51,4,4,157,0
413,4,3,43,55,3,3,161,0
395,3,3,45,49,4,3,153,0
363,5,2,44,55,4,4,162,0
398,3,4,44,51,3,3,159,0
372,4,3,3,53,4,3,122,0
379,4,2,3,46,4,2,123,0
385,4,3,44,57,3,3,170,0
531,8,36,4,93,3,37,244,1
365,4,3,45,55,4,4,170,0
398,7,3,44,58,5,4,174,0
375,4,3,43,55,3,3,166,0
519,51,49,44,48,49,3,293,2
356,3,3,4,51,3,4,122,0
358,4,3,44,51,3,3,159,0
370,4,3,4,51,3,7,130,0
356,3,3,45,48,3,4,156,0
417,5,3,4,57,3,3,136,0
364,3,4,44,52,3,3,159,0
390,3,3,44,55,3,4,168,0
384,3,4,44,56,3,3,169,0
389,5,2,6,53,3,5,125,0
371,3,3,44,51,3,3,158,0
413,6,2,4,61,3,5,146,0
527,51,49,45,60,50,3,306,2
370,4,3,4,57,3,3,129,0
373,3,4,5,49,3,3,120,0
493,4,36,4,87,3,37,223,1
485,3,36,4,91,2,37,225,1
428,6,4,4,59,5,4,147,0
486,4,36,44,94,5,38,275,1
346,4,2,44,48,4,4,159,0
392,3,3,4,50,4,4,125,0
506,4,36,3,90,3,37,223,1
377,5,3,4,54,3,4,138,0
363,3,3,43,43,3,3,145,0
442,6,4,45,61,5,5,197,0
364,4,3,3,53,4,2,122,0
364,3,3,3,54,2,3,122,0
374,4,2,44,53,3,3,163,0
420,6,3,4,59,4,4,139,0
357,3,3,4,50,4,3,116,0
482,3,36,4,91,3,36,221,1
358,4,3,43,48,3,3,152,0
431,7,3,44,69,3,4,203,0
364,3,3,4,52,3,4,117,0
467,4,36,4,94,3,36,227,1
420,6,3,4,54,4,5,139,0
495,49,49,43,49,49,4,292,2
466,3,36,4,85,3,37,216,1
383,3,3,4,48,2,4,120,0
347,3,3,43,44,3,2,148,0
398,6,3,45,56,4,5,185,0
370,5,4,45,60,4,4,176,0
341,4,2,4,53,4,4,116,0
430,6,3,3,67,2,4,143,0
355,3,4,45,49,3,3,161,0
392,5,3,4,57,4,4,139,0
417,4,3,3,49,3,2,113,0
363,3,4,4,52,3,3,122,0
373,4,3,44,51,4,3,163,0
371,5,3,4,53,3,4,119,0
382,4,3,3,52,3,4,125,0
483,3,35,44,93,3,37,268,1
405,4,3,4,54,4,4,134,0
387,3,2,3,58,3,3,124,0
391,4,3,45,58,3,3,170,0
524,49,48,44,50,50,3,298,2
385,4,4,44,53,3,4,166,0
534,50,48,44,54,49,4,301,2
542,50,49,44,53,50,4,307,2
373,5,4,5,48,4,2,124,0
373,5,3,5,58,3,4,132,0
343,4,2,45,52,3,3,154,0
381,4,3,5,53,4,4,123,0
382,4,3,3,46,3,5,120,0
394,4,3,44,56,3,2,168,0
427,4,4,5,54,4,3,124,0
434,5,3,44,52,4,4,164,0
522,49,49,4,48,49,4,257,2
521,3,36,5,97,3,36,233,1
376,4,2,4,53,3,2,118,0
421,5,3,4,58,3,4,135,0
367,5,3,4,46,3,3,114,0
363,4,3,3,52,3,3,119,0
373,4,3,44,50,3,3,156,0
367,3,2,5,54,3,3,120,0
376,4,3,44,59,4,4,173,0
350,4,3,43,48,3,4,155,0
388,5,3,43,52,3,4,160,0
537,6,36,44,101,3,37,289,1
362,4,4,45,47,4,3,156,0
499,4,37,44,92,3,37,271,1
371,4,3,44,54,4,5,165,0
519,49,49,4,57,48,3,262,2
370,3,3,5,56,4,4,125,0
370,3,3,4,53,3,3,120,0
379,4,3,3,52,2,3,123,0
391,4,4,4,56,4,3,123,0
400,3,4,45,61,3,3,196,0
357,3,3,44,50,3,3,160,0
485,4,36,44,86,3,36,261,1
377,4,3,5,59,3,3,125,0
347,3,3,44,58,4,4,166,0
406,3,2,45,72,3,3,177,0
426,6,4,4,50,3,4,137,0
484,4,36,4,97,3,36,235,1
448,6,4,44,62,3,4,190,0
384,4,3,44,63,4,4,176,0
360,4,3,4,53,3,3,118,0
387,3,3,4,53,9,3,127,0
362,4,3,3,49,4,3,114,0
559,6,36,45,109,6,38,311,1
416,4,2,4,53,4,3,120,0
365,3,2,45,52,3,3,158,0
353,3,3,45,56,3,2,163,0
492,4,36,44,90,3,38,267,1
531,51,48,4,50,50,4,257,2
376,4,3,3,45,4,4,110,0
363,7,3,44,51,4,4,163,0
388,7,3,4,58,4,4,135,0
383,3,4,45,54,3,4,164,0
510,50,49,44,52,49,4,301,2
381,4,3,5,58,4,4,132,0
495,49,49,4,52,50,3,260,2
386,5,3,4,47,2,3,122,0
389,4,3,44,55,3,3,167,0
424,5,3,4,52,4,7,152,0
368,2,3,43,43,4,4,152,0
383,3,3,4,59,4,3,130,0
491,50,50,44,53,49,4,299,2
352,3,3,4,57,2,4,130,0
407,6,3,44,55,4,4,181,0
405,4,2,4,60,4,4,142,0
363,3,3,6,53,2,4,124,0
392,3,3,5,51,3,4,119,0
392,5,3,44,58,4,4,172,0
389,4,2,3,49,2,3,125,0
528,4,37,5,101,4,38,258,1
365,4,3,44,59,4,4,168,0
434,5,2,44,61,3,4,192,0
510,50,50,4,44,49,4,254,2
487,3,36,3,94,4,36,229,1
375,4,3,45,44,3,4,160,0
492,5,36,4,98,4,37,241,1
386,4,4,4,63,4,4,135,0
359,3,3,4,50,5,3,124,0
516,49,49,44,59,49,4,307,2
380,4,3,4,61,3,3,131,0
445,5,3,44,54,4,3,187,0
404,4,3,5,61,3,3,134,0
496,49,49,3,53,50,3,259,2
408,5,3,45,61,4,5,190,0
384,4,3,44,55,4,3,169,0
388,4,2,43,54,4,3,169,0
368,4,3,4,61,3,4,132,0
366,3,3,44,55,2,4,165,0
367,4,3,44,48,4,4,161,0
365,3,4,43,50,3,3,167,0
573,52,50,46,85,49,3,353,2
359,3,5,6,53,3,3,123,0
378,3,3,45,48,3,3,158,0
379,3,3,4,60,4,3,130,0
381,5,3,4,55,3,3,134,0
377,3,3,3,52,3,3,117,0
528,50,50,44,50,49,3,297,2
379,3,3,44,54,3,4,163,0
518,49,49,4,49,50,4,250,2
384,4,2,4,61,3,4,128,0
495,3,37,5,100,4,37,241,1
365,4,4,5,57,3,4,128,0
517,3,37,4,104,4,37,249,1
482,4,36,44,95,3,37,272,1
523,50,49,44,59,51,5,315,2
370,4,3,44,47,3,4,158,0
366,3,4,4,57,4,3,127,0
398,5,3,44,53,3,4,163,0
372,3,3,44,59,3,4,169,0
382,5,4,4,52,3,3,122,0
495,4,36,44,93,3,37,268,1
401,3,5,6,63,3,3,132,0
374,4,2,43,50,3,3,157,0
552,51,49,4,51,49,4,273,2
373,4,3,4,50,3,4,120,0
490,4,36,4,93,4,37,228,1
363,4,3,44,58,3,4,171,0
357,3,3,3,54,3,3,121,0
391,4,3,43,58,4,4,170,0
383,4,3,4,50,3,3,120,0
348,3,3,4,52,3,3,118,0
362,4,4,4,56,4,3,124,0
375,5,3,45,50,3,2,154,0
374,3,1,4,55,3,3,120,0
364,3,3,44,51,3,4,161,0
366,5,3,44,51,3,4,160,0
377,3,3,4,54,3,3,124,0
370,3,3,3,48,2,4,114,0
578,5,36,44,92,3,37,269,1
355,3,3,45,51,3,4,162,0
371,4,3,4,55,3,3,125,0
366,3,3,45,59,4,4,168,0
362,3,3,44,52,2,3,159,0
522,50,49,4,56,50,2,265,2
390,4,4,47,47,4,4,165,0
498,4,36,4,94,3,36,228,1
439,6,3,3,64,5,5,155,0
425,6,5,5,63,3,5,154,0
392,2,4,3,57,3,4,127,0
385,4,3,44,58,3,4,166,0
390,2,2,4,53,4,3,118,0
370,3,3,4,53,3,4,122,0
363,4,3,2,48,3,3,108,0
377,3,3,4,49,3,3,115,0
390,3,2,4,52,4,4,121,0
421,4,2,43,45,3,4,151,0
340,3,3,44,54,3,4,157,0
368,4,2,44,48,3,3,153,0
346,3,3,5,50,3,4,122,0
499,49,49,44,47,50,4,289,2
428,5,2,4,54,5,5,141,0
351,4,3,44,53,3,4,160,0
357,3,2,44,59,3,4,167,0
387,3,4,44,53,4,3,162,0
384,4,3,5,46,3,3,117,0
380,4,2,44,51,3,4,160,0
377,3,4,5,57,3,3,124,0
568,4,37,45,94,2,37,269,1
504,49,48,4,57,49,4,266,2
502,4,36,4,98,2,36,235,1
351,3,3,4,46,4,4,110,0
390,3,3,3,58,3,3,126,0
367,3,3,44,48,3,4,158,0
363,4,2,44,52,5,3,162,0
376,3,2,43,51,4,2,161,0
521,51,49,43,53,50,4,300,2
366,3,3,4,64,2,3,127,0
378,4,3,5,50,4,4,123,0
365,4,3,44,60,3,3,169,0
489,3,37,3,96,3,37,232,1
445,6,5,5,60,4,5,156,0
367,3,3,4,48,4,4,121,0
417,4,3,44,59,3,3,167,0
371,3,3,4,49,2,3,112,0
408,6,2,4,57,3,5,140,0
423,4,4,45,56,3,3,169,0
386,4,3,44,57,4,4,172,0
380,3,3,45,56,4,2,168,0
496,4,35,44,105,3,37,285,1
410,5,3,46,63,5,4,192,0
362,3,3,4,54,3,3,123,0
363,3,3,4,53,3,3,120,0
492,4,36,44,100,4,35,277,1
368,3,3,44,59,4,4,167,0
547,51,49,45,51,50,3,300,2
369,4,3,4,51,4,4,128,0
490,51,49,44,46,50,4,291,2
355,4,2,43,55,3,3,157,0
353,4,3,4,43,3,4,111,0
437,6,3,45,59,5,5,194,0
347,3,2,44,45,4,4,157,0
496,4,37,5,96,3,37,233,1
406,5,4,5,57,4,4,142,0
423,4,3,5,51,3,4,126,0
380,3,3,44,55,4,4,164,0
526,48,49,44,57,49,3,306,2
379,4,3,4,50,3,4,115,0
366,3,2,44,47,3,3,153,0
391,4,4,45,66,3,4,173,0
395,4,3,4,52,3,4,125,0
395,3,4,45,58,4,3,165,0
395,3,3,4,56,3,3,125,0
526,50,49,3,47,50,5,255,2
366,3,2,3,48,4,3,117,0
432,5,3,4,56,2,5,150,0
516,50,49,44,48,50,4,307,2
488,4,36,43,93,3,36,266,1
346,4,3,4,49,4,3,115,0
437,5,2,5,48,3,4,135,0
372,3,4,45,59,7,4,173,0
520,49,48,4,52,49,3,254,2
380,4,3,44,65,4,3,170,0
420,4,3,44,52,4,4,182,0
413,5,3,44,54,4,5,182,0
384,4,3,45,61,3,4,173,0
369,4,3,44,47,4,4,159,0
378,3,3,4,46,4,3,116,0
391,5,3,44,54,3,4,162,0
514,49,49,44,52,49,4,297,2
372,4,3,4,57,3,3,131,0
398,4,2,44,62,3,3,169,0
377,4,3,44,56,4,4,165,0
420,4,3,4,60,3,4,151,0
378,4,3,4,52,4,3,124,0
358,3,2,44,55,3,3,163,0
373,4,2,3,49,3,4,116,0
365,4,2,44,53,3,3,161,0
385,4,4,4,55,4,4,126,0
371,4,3,44,50,4,3,158,0
390,3,3,45,53,3,3,161,0
403,5,3,4,52,3,4,134,0
357,4,4,3,47,3,4,110,0
385,3,3,4,59,4,7,131,0
